-990000 0.0
-980000 16.0
-970000 8.0
-960000 20.0
-950000 64.0
-940000 52.0
-930000 48.0
-920000 48.0
-910000 84.0
-900000 68.0
-890000 68.0
-880000 68.0
-870000 76.0
-860000 68.0
-850000 76.0
-840000 76.0
-830000 76.0
-820000 84.0
-810000 68.0
-800000 88.0
-790000 80.0
-780000 84.0
-770000 88.0
-760000 76.0
-750000 88.0
-740000 72.0
-730000 84.0
-720000 92.0
-710000 88.0
-700000 84.0
-690000 80.0
-680000 88.0
-670000 84.0
-660000 68.0
-650000 84.0
-640000 76.0
-630000 76.0
-620000 80.0
-610000 84.0
-600000 72.0
-590000 68.0
-580000 64.0
-570000 84.0
-560000 76.0
-550000 80.0
-540000 72.0
-530000 88.0
-520000 72.0
-510000 84.0
-500000 88.0
-490000 88.0
-480000 64.0
-470000 80.0
-460000 84.0
-450000 72.0
-440000 84.0
-430000 96.0
-420000 88.0
-410000 80.0
-400000 60.0
-390000 88.0
-380000 72.0
-370000 68.0
-360000 72.0
-350000 92.0
-340000 88.0
-330000 92.0
-320000 80.0
-310000 76.0
-300000 84.0
-290000 88.0
-280000 88.0
-270000 68.0
-260000 84.0
-250000 68.0
-240000 84.0
-230000 72.0
-220000 68.0
-210000 60.0
-200000 80.0
-190000 84.0
-180000 68.0
-170000 88.0
-160000 88.0
-150000 96.0
-140000 76.0
-130000 88.0
-120000 72.0
-110000 72.0
-100000 84.0
-90000 72.0
-80000 88.0
-70000 84.0
-60000 84.0
-50000 84.0
-40000 80.0
-30000 80.0
-20000 68.0
-10000 72.0
0 92.0
10000 88.0
20000 92.0
30000 64.0
40000 88.0
50000 76.0
60000 88.0
70000 80.0
80000 72.0
90000 68.0
100000 96.0
110000 72.0
120000 88.0
130000 88.0
140000 88.0
150000 96.0
160000 88.0
170000 84.0
180000 92.0
190000 88.0
200000 80.0
210000 84.0
220000 92.0
230000 80.0
240000 84.0
250000 88.0
260000 72.0
270000 84.0
280000 80.0
290000 96.0
300000 84.0
310000 92.0
320000 100.0
330000 88.0
340000 84.0
350000 80.0
360000 84.0
370000 80.0
380000 80.0
390000 92.0
400000 100.0
410000 88.0
420000 92.0
430000 96.0
440000 88.0
450000 88.0
460000 88.0
470000 92.0
480000 88.0
490000 88.0
500000 92.0
510000 92.0
520000 96.0
530000 92.0
540000 96.0
550000 100.0
560000 92.0
570000 88.0
580000 92.0
590000 84.0
600000 92.0
610000 92.0
620000 88.0
630000 92.0
640000 96.0
650000 80.0
660000 96.0
670000 92.0
680000 88.0
690000 100.0
700000 88.0
710000 96.0
720000 96.0
730000 92.0
740000 84.0
750000 96.0
760000 88.0
770000 92.0
780000 92.0
790000 96.0
800000 100.0
810000 88.0
820000 96.0
830000 92.0
840000 96.0
850000 88.0
860000 84.0
870000 92.0
880000 92.0
890000 92.0
900000 100.0
910000 88.0
920000 84.0
930000 96.0
940000 100.0
950000 100.0
960000 92.0
970000 92.0
980000 88.0
990000 92.0
1000000 88.0
