-990000 0.0
-980000 0.0
-970000 0.0
-960000 8.0
-950000 32.0
-940000 52.0
-930000 72.0
-920000 44.0
-910000 48.0
-900000 72.0
-890000 72.0
-880000 48.0
-870000 88.0
-860000 72.0
-850000 96.0
-840000 76.0
-830000 84.0
-820000 68.0
-810000 80.0
-800000 76.0
-790000 80.0
-780000 84.0
-770000 64.0
-760000 72.0
-750000 92.0
-740000 88.0
-730000 80.0
-720000 64.0
-710000 80.0
-700000 88.0
-690000 80.0
-680000 72.0
-670000 72.0
-660000 80.0
-650000 96.0
-640000 72.0
-630000 96.0
-620000 88.0
-610000 80.0
-600000 96.0
-590000 92.0
-580000 92.0
-570000 80.0
-560000 80.0
-550000 84.0
-540000 96.0
-530000 92.0
-520000 96.0
-510000 92.0
-500000 76.0
-490000 80.0
-480000 92.0
-470000 88.0
-460000 72.0
-450000 88.0
-440000 100.0
-430000 92.0
-420000 88.0
-410000 88.0
-400000 92.0
-390000 96.0
-380000 88.0
-370000 88.0
-360000 92.0
-350000 96.0
-340000 84.0
-330000 88.0
-320000 84.0
-310000 80.0
-300000 88.0
-290000 88.0
-280000 88.0
-270000 92.0
-260000 96.0
-250000 100.0
-240000 92.0
-230000 92.0
-220000 88.0
-210000 92.0
-200000 92.0
-190000 92.0
-180000 96.0
-170000 88.0
-160000 88.0
-150000 80.0
-140000 88.0
-130000 96.0
-120000 88.0
-110000 96.0
-100000 92.0
-90000 96.0
-80000 92.0
-70000 88.0
-60000 88.0
-50000 96.0
-40000 92.0
-30000 100.0
-20000 100.0
-10000 92.0
0 84.0
10000 88.0
20000 80.0
30000 84.0
40000 84.0
50000 92.0
60000 60.0
70000 80.0
80000 96.0
90000 84.0
100000 76.0
110000 72.0
120000 76.0
130000 68.0
140000 84.0
150000 84.0
160000 72.0
170000 68.0
180000 84.0
190000 44.0
200000 84.0
210000 80.0
220000 84.0
230000 80.0
240000 72.0
250000 60.0
260000 72.0
270000 84.0
280000 76.0
290000 76.0
300000 60.0
310000 76.0
320000 92.0
330000 68.0
340000 84.0
350000 80.0
360000 84.0
370000 72.0
380000 76.0
390000 88.0
400000 56.0
410000 48.0
420000 32.0
430000 60.0
440000 60.0
450000 56.0
460000 20.0
470000 24.0
480000 28.0
490000 16.0
500000 32.0
510000 84.0
520000 36.0
530000 44.0
540000 72.0
550000 84.0
560000 72.0
570000 60.0
580000 48.0
590000 80.0
600000 92.0
610000 84.0
620000 100.0
630000 88.0
640000 92.0
650000 84.0
660000 96.0
670000 80.0
680000 92.0
690000 92.0
700000 96.0
710000 76.0
720000 92.0
730000 100.0
740000 96.0
750000 96.0
760000 92.0
770000 96.0
780000 92.0
790000 96.0
800000 96.0
810000 88.0
820000 96.0
830000 100.0
840000 96.0
850000 100.0
860000 100.0
870000 96.0
880000 100.0
890000 96.0
900000 96.0
910000 100.0
920000 100.0
930000 100.0
940000 100.0
950000 100.0
960000 96.0
970000 100.0
980000 96.0
990000 88.0
1000000 92.0
