-990000 0.0
-980000 0.0
-970000 0.0
-960000 0.0
-950000 0.0
-940000 0.0
-930000 8.0
-920000 0.0
-910000 16.0
-900000 8.0
-890000 32.0
-880000 44.0
-870000 52.0
-860000 32.0
-850000 20.0
-840000 72.0
-830000 68.0
-820000 68.0
-810000 88.0
-800000 84.0
-790000 92.0
-780000 76.0
-770000 80.0
-760000 88.0
-750000 84.0
-740000 72.0
-730000 76.0
-720000 80.0
-710000 68.0
-700000 76.0
-690000 68.0
-680000 92.0
-670000 64.0
-660000 76.0
-650000 72.0
-640000 96.0
-630000 88.0
-620000 76.0
-610000 76.0
-600000 80.0
-590000 80.0
-580000 84.0
-570000 76.0
-560000 76.0
-550000 72.0
-540000 76.0
-530000 84.0
-520000 92.0
-510000 92.0
-500000 92.0
-490000 84.0
-480000 80.0
-470000 88.0
-460000 88.0
-450000 92.0
-440000 100.0
-430000 76.0
-420000 76.0
-410000 88.0
-400000 88.0
-390000 76.0
-380000 92.0
-370000 80.0
-360000 92.0
-350000 84.0
-340000 88.0
-330000 76.0
-320000 96.0
-310000 88.0
-300000 100.0
-290000 76.0
-280000 84.0
-270000 96.0
-260000 84.0
-250000 80.0
-240000 72.0
-230000 80.0
-220000 96.0
-210000 100.0
-200000 64.0
-190000 92.0
-180000 76.0
-170000 96.0
-160000 88.0
-150000 80.0
-140000 84.0
-130000 80.0
-120000 80.0
-110000 88.0
-100000 80.0
-90000 88.0
-80000 84.0
-70000 76.0
-60000 96.0
-50000 96.0
-40000 84.0
-30000 88.0
-20000 92.0
-10000 84.0
0 80.0
10000 76.0
20000 88.0
30000 84.0
40000 76.0
50000 92.0
60000 84.0
70000 68.0
80000 52.0
90000 64.0
100000 44.0
110000 68.0
120000 72.0
130000 60.0
140000 68.0
150000 80.0
160000 68.0
170000 80.0
180000 72.0
190000 64.0
200000 72.0
210000 60.0
220000 80.0
230000 52.0
240000 80.0
250000 60.0
260000 84.0
270000 56.0
280000 60.0
290000 68.0
300000 68.0
310000 72.0
320000 64.0
330000 56.0
340000 68.0
350000 84.0
360000 68.0
370000 60.0
380000 72.0
390000 76.0
400000 64.0
410000 72.0
420000 76.0
430000 60.0
440000 24.0
450000 60.0
460000 4.0
470000 12.0
480000 0.0
490000 0.0
500000 0.0
510000 4.0
520000 0.0
530000 0.0
540000 0.0
550000 0.0
560000 0.0
570000 4.0
580000 4.0
590000 16.0
600000 16.0
610000 0.0
620000 4.0
630000 12.0
640000 12.0
650000 16.0
660000 52.0
670000 32.0
680000 44.0
690000 80.0
700000 80.0
710000 60.0
720000 84.0
730000 80.0
740000 52.0
750000 80.0
760000 88.0
770000 80.0
780000 96.0
790000 88.0
800000 88.0
810000 100.0
820000 80.0
830000 100.0
840000 92.0
850000 100.0
860000 96.0
870000 100.0
880000 96.0
890000 96.0
900000 96.0
910000 96.0
920000 96.0
930000 96.0
940000 100.0
950000 100.0
960000 100.0
970000 96.0
980000 100.0
990000 92.0
1000000 92.0
