-990000 0.0
-980000 12.0
-970000 44.0
-960000 48.0
-950000 28.0
-940000 36.0
-930000 48.0
-920000 64.0
-910000 48.0
-900000 68.0
-890000 56.0
-880000 56.0
-870000 68.0
-860000 64.0
-850000 60.0
-840000 40.0
-830000 56.0
-820000 80.0
-810000 64.0
-800000 72.0
-790000 68.0
-780000 48.0
-770000 64.0
-760000 64.0
-750000 52.0
-740000 56.0
-730000 64.0
-720000 60.0
-710000 56.0
-700000 52.0
-690000 48.0
-680000 48.0
-670000 40.0
-660000 52.0
-650000 32.0
-640000 48.0
-630000 56.0
-620000 48.0
-610000 40.0
-600000 20.0
-590000 32.0
-580000 56.0
-570000 40.0
-560000 52.0
-550000 44.0
-540000 44.0
-530000 52.0
-520000 56.0
-510000 52.0
-500000 36.0
-490000 64.0
-480000 36.0
-470000 56.0
-460000 68.0
-450000 52.0
-440000 40.0
-430000 52.0
-420000 24.0
-410000 28.0
-400000 48.0
-390000 40.0
-380000 32.0
-370000 56.0
-360000 64.0
-350000 52.0
-340000 44.0
-330000 56.0
-320000 40.0
-310000 60.0
-300000 48.0
-290000 52.0
-280000 44.0
-270000 52.0
-260000 72.0
-250000 56.0
-240000 52.0
-230000 56.0
-220000 48.0
-210000 60.0
-200000 48.0
-190000 60.0
-180000 32.0
-170000 64.0
-160000 44.0
-150000 52.0
-140000 60.0
-130000 64.0
-120000 60.0
-110000 48.0
-100000 56.0
-90000 52.0
-80000 44.0
-70000 64.0
-60000 52.0
-50000 68.0
-40000 48.0
-30000 60.0
-20000 52.0
-10000 48.0
0 56.0
10000 52.0
20000 44.0
30000 40.0
40000 40.0
50000 40.0
60000 44.0
70000 32.0
80000 60.0
90000 40.0
100000 56.0
110000 36.0
120000 52.0
130000 60.0
140000 72.0
150000 64.0
160000 44.0
170000 52.0
180000 44.0
190000 36.0
200000 32.0
210000 40.0
220000 56.0
230000 40.0
240000 44.0
250000 44.0
260000 44.0
270000 64.0
280000 44.0
290000 44.0
300000 24.0
310000 60.0
320000 52.0
330000 36.0
340000 56.0
350000 48.0
360000 44.0
370000 40.0
380000 44.0
390000 32.0
400000 44.0
410000 44.0
420000 32.0
430000 32.0
440000 32.0
450000 40.0
460000 52.0
470000 52.0
480000 72.0
490000 48.0
500000 48.0
510000 44.0
520000 44.0
530000 28.0
540000 28.0
550000 28.0
560000 48.0
570000 40.0
580000 44.0
590000 28.0
600000 40.0
610000 44.0
620000 48.0
630000 48.0
640000 36.0
650000 40.0
660000 40.0
670000 32.0
680000 32.0
690000 32.0
700000 52.0
710000 20.0
720000 36.0
730000 48.0
740000 56.0
750000 24.0
760000 44.0
770000 44.0
780000 36.0
790000 32.0
800000 28.0
810000 40.0
820000 52.0
830000 44.0
840000 32.0
850000 44.0
860000 36.0
870000 60.0
880000 32.0
890000 24.0
900000 40.0
910000 44.0
920000 28.0
930000 20.0
940000 36.0
950000 32.0
960000 32.0
970000 28.0
980000 32.0
990000 28.0
1000000 44.0
