-990000 0.0
-980000 0.0
-970000 0.0
-960000 0.0
-950000 28.0
-940000 64.0
-930000 76.0
-920000 76.0
-910000 48.0
-900000 76.0
-890000 64.0
-880000 60.0
-870000 84.0
-860000 84.0
-850000 96.0
-840000 60.0
-830000 68.0
-820000 72.0
-810000 100.0
-800000 84.0
-790000 56.0
-780000 92.0
-770000 84.0
-760000 92.0
-750000 88.0
-740000 92.0
-730000 68.0
-720000 84.0
-710000 92.0
-700000 96.0
-690000 92.0
-680000 88.0
-670000 88.0
-660000 84.0
-650000 76.0
-640000 92.0
-630000 96.0
-620000 88.0
-610000 100.0
-600000 96.0
-590000 96.0
-580000 84.0
-570000 92.0
-560000 88.0
-550000 92.0
-540000 88.0
-530000 88.0
-520000 80.0
-510000 80.0
-500000 84.0
-490000 92.0
-480000 80.0
-470000 96.0
-460000 88.0
-450000 88.0
-440000 84.0
-430000 68.0
-420000 84.0
-410000 72.0
-400000 84.0
-390000 88.0
-380000 80.0
-370000 80.0
-360000 84.0
-350000 88.0
-340000 76.0
-330000 92.0
-320000 92.0
-310000 72.0
-300000 92.0
-290000 76.0
-280000 92.0
-270000 100.0
-260000 88.0
-250000 92.0
-240000 88.0
-230000 84.0
-220000 84.0
-210000 96.0
-200000 100.0
-190000 92.0
-180000 88.0
-170000 80.0
-160000 88.0
-150000 80.0
-140000 84.0
-130000 96.0
-120000 88.0
-110000 96.0
-100000 84.0
-90000 92.0
-80000 88.0
-70000 88.0
-60000 96.0
-50000 88.0
-40000 100.0
-30000 92.0
-20000 72.0
-10000 92.0
0 84.0
10000 84.0
20000 84.0
30000 92.0
40000 72.0
50000 72.0
60000 76.0
70000 60.0
80000 56.0
90000 72.0
100000 44.0
110000 68.0
120000 48.0
130000 52.0
140000 76.0
150000 64.0
160000 84.0
170000 56.0
180000 80.0
190000 76.0
200000 80.0
210000 64.0
220000 64.0
230000 76.0
240000 88.0
250000 76.0
260000 92.0
270000 80.0
280000 60.0
290000 76.0
300000 72.0
310000 92.0
320000 80.0
330000 80.0
340000 92.0
350000 92.0
360000 80.0
370000 68.0
380000 76.0
390000 88.0
400000 32.0
410000 36.0
420000 24.0
430000 20.0
440000 20.0
450000 28.0
460000 36.0
470000 8.0
480000 16.0
490000 32.0
500000 40.0
510000 72.0
520000 60.0
530000 64.0
540000 76.0
550000 68.0
560000 72.0
570000 84.0
580000 80.0
590000 92.0
600000 92.0
610000 96.0
620000 72.0
630000 84.0
640000 84.0
650000 96.0
660000 84.0
670000 84.0
680000 92.0
690000 88.0
700000 96.0
710000 88.0
720000 88.0
730000 80.0
740000 92.0
750000 92.0
760000 96.0
770000 100.0
780000 100.0
790000 92.0
800000 96.0
810000 100.0
820000 92.0
830000 100.0
840000 96.0
850000 100.0
860000 100.0
870000 100.0
880000 100.0
890000 100.0
900000 100.0
910000 100.0
920000 100.0
930000 100.0
940000 100.0
950000 96.0
960000 96.0
970000 100.0
980000 92.0
990000 96.0
1000000 100.0
