-990000 0.0
-980000 0.0
-970000 4.0
-960000 12.0
-950000 8.0
-940000 68.0
-930000 68.0
-920000 72.0
-910000 72.0
-900000 56.0
-890000 44.0
-880000 72.0
-870000 64.0
-860000 84.0
-850000 60.0
-840000 40.0
-830000 68.0
-820000 64.0
-810000 80.0
-800000 76.0
-790000 80.0
-780000 80.0
-770000 76.0
-760000 100.0
-750000 60.0
-740000 64.0
-730000 88.0
-720000 92.0
-710000 68.0
-700000 84.0
-690000 88.0
-680000 76.0
-670000 80.0
-660000 80.0
-650000 68.0
-640000 80.0
-630000 84.0
-620000 64.0
-610000 76.0
-600000 80.0
-590000 80.0
-580000 84.0
-570000 68.0
-560000 84.0
-550000 80.0
-540000 88.0
-530000 80.0
-520000 80.0
-510000 60.0
-500000 84.0
-490000 84.0
-480000 84.0
-470000 80.0
-460000 68.0
-450000 92.0
-440000 76.0
-430000 92.0
-420000 88.0
-410000 88.0
-400000 80.0
-390000 84.0
-380000 84.0
-370000 76.0
-360000 76.0
-350000 84.0
-340000 76.0
-330000 96.0
-320000 64.0
-310000 84.0
-300000 88.0
-290000 80.0
-280000 88.0
-270000 76.0
-260000 92.0
-250000 68.0
-240000 80.0
-230000 92.0
-220000 72.0
-210000 84.0
-200000 68.0
-190000 88.0
-180000 84.0
-170000 92.0
-160000 72.0
-150000 80.0
-140000 88.0
-130000 84.0
-120000 76.0
-110000 68.0
-100000 72.0
-90000 68.0
-80000 84.0
-70000 76.0
-60000 80.0
-50000 80.0
-40000 88.0
-30000 80.0
-20000 68.0
-10000 80.0
0 80.0
10000 68.0
20000 88.0
30000 76.0
40000 88.0
50000 96.0
60000 84.0
70000 84.0
80000 84.0
90000 100.0
100000 88.0
110000 88.0
120000 76.0
130000 96.0
140000 84.0
150000 76.0
160000 84.0
170000 76.0
180000 92.0
190000 96.0
200000 80.0
210000 76.0
220000 84.0
230000 84.0
240000 84.0
250000 72.0
260000 76.0
270000 72.0
280000 88.0
290000 88.0
300000 76.0
310000 80.0
320000 88.0
330000 76.0
340000 60.0
350000 84.0
360000 80.0
370000 100.0
380000 92.0
390000 84.0
400000 96.0
410000 76.0
420000 92.0
430000 88.0
440000 84.0
450000 92.0
460000 96.0
470000 84.0
480000 100.0
490000 88.0
500000 76.0
510000 80.0
520000 88.0
530000 92.0
540000 100.0
550000 96.0
560000 84.0
570000 76.0
580000 96.0
590000 84.0
600000 88.0
610000 88.0
620000 96.0
630000 84.0
640000 84.0
650000 96.0
660000 84.0
670000 92.0
680000 84.0
690000 84.0
700000 92.0
710000 96.0
720000 100.0
730000 96.0
740000 68.0
750000 92.0
760000 88.0
770000 88.0
780000 92.0
790000 84.0
800000 96.0
810000 96.0
820000 100.0
830000 96.0
840000 96.0
850000 88.0
860000 88.0
870000 88.0
880000 96.0
890000 96.0
900000 92.0
910000 96.0
920000 88.0
930000 84.0
940000 92.0
950000 96.0
960000 80.0
970000 92.0
980000 92.0
990000 100.0
1000000 96.0
