-990000 0.0
-980000 0.0
-970000 0.0
-960000 24.0
-950000 68.0
-940000 44.0
-930000 68.0
-920000 92.0
-910000 56.0
-900000 72.0
-890000 60.0
-880000 76.0
-870000 88.0
-860000 76.0
-850000 88.0
-840000 64.0
-830000 96.0
-820000 72.0
-810000 84.0
-800000 92.0
-790000 76.0
-780000 76.0
-770000 88.0
-760000 84.0
-750000 80.0
-740000 92.0
-730000 80.0
-720000 72.0
-710000 92.0
-700000 88.0
-690000 84.0
-680000 64.0
-670000 80.0
-660000 76.0
-650000 80.0
-640000 56.0
-630000 84.0
-620000 92.0
-610000 80.0
-600000 84.0
-590000 80.0
-580000 64.0
-570000 92.0
-560000 84.0
-550000 92.0
-540000 64.0
-530000 72.0
-520000 84.0
-510000 96.0
-500000 96.0
-490000 92.0
-480000 80.0
-470000 88.0
-460000 84.0
-450000 96.0
-440000 92.0
-430000 84.0
-420000 92.0
-410000 76.0
-400000 80.0
-390000 76.0
-380000 84.0
-370000 88.0
-360000 88.0
-350000 92.0
-340000 100.0
-330000 88.0
-320000 96.0
-310000 88.0
-300000 88.0
-290000 92.0
-280000 92.0
-270000 80.0
-260000 88.0
-250000 96.0
-240000 92.0
-230000 92.0
-220000 96.0
-210000 88.0
-200000 84.0
-190000 84.0
-180000 100.0
-170000 100.0
-160000 88.0
-150000 80.0
-140000 92.0
-130000 88.0
-120000 92.0
-110000 92.0
-100000 92.0
-90000 76.0
-80000 80.0
-70000 80.0
-60000 92.0
-50000 84.0
-40000 88.0
-30000 96.0
-20000 92.0
-10000 96.0
0 92.0
10000 80.0
20000 92.0
30000 88.0
40000 76.0
50000 80.0
60000 56.0
70000 56.0
80000 60.0
90000 88.0
100000 56.0
110000 48.0
120000 76.0
130000 56.0
140000 68.0
150000 48.0
160000 48.0
170000 40.0
180000 68.0
190000 32.0
200000 60.0
210000 52.0
220000 72.0
230000 36.0
240000 64.0
250000 12.0
260000 40.0
270000 60.0
280000 60.0
290000 52.0
300000 52.0
310000 60.0
320000 68.0
330000 68.0
340000 68.0
350000 52.0
360000 72.0
370000 92.0
380000 60.0
390000 84.0
400000 52.0
410000 76.0
420000 60.0
430000 68.0
440000 76.0
450000 92.0
460000 88.0
470000 84.0
480000 72.0
490000 88.0
500000 64.0
510000 68.0
520000 72.0
530000 36.0
540000 40.0
550000 64.0
560000 80.0
570000 44.0
580000 76.0
590000 72.0
600000 84.0
610000 52.0
620000 68.0
630000 92.0
640000 84.0
650000 76.0
660000 92.0
670000 100.0
680000 96.0
690000 100.0
700000 96.0
710000 100.0
720000 100.0
730000 96.0
740000 100.0
750000 96.0
760000 100.0
770000 96.0
780000 100.0
790000 100.0
800000 100.0
810000 100.0
820000 100.0
830000 92.0
840000 96.0
850000 96.0
860000 100.0
870000 100.0
880000 96.0
890000 96.0
900000 96.0
910000 100.0
920000 100.0
930000 100.0
940000 96.0
950000 100.0
960000 100.0
970000 100.0
980000 100.0
990000 100.0
1000000 100.0
