-990000 0.0
-980000 20.0
-970000 28.0
-960000 60.0
-950000 40.0
-940000 36.0
-930000 52.0
-920000 60.0
-910000 52.0
-900000 68.0
-890000 56.0
-880000 52.0
-870000 52.0
-860000 56.0
-850000 52.0
-840000 80.0
-830000 36.0
-820000 64.0
-810000 68.0
-800000 36.0
-790000 68.0
-780000 56.0
-770000 48.0
-760000 36.0
-750000 48.0
-740000 48.0
-730000 44.0
-720000 36.0
-710000 52.0
-700000 56.0
-690000 64.0
-680000 64.0
-670000 48.0
-660000 60.0
-650000 52.0
-640000 44.0
-630000 32.0
-620000 52.0
-610000 60.0
-600000 48.0
-590000 44.0
-580000 60.0
-570000 68.0
-560000 52.0
-550000 48.0
-540000 64.0
-530000 28.0
-520000 40.0
-510000 28.0
-500000 44.0
-490000 32.0
-480000 36.0
-470000 28.0
-460000 24.0
-450000 36.0
-440000 44.0
-430000 36.0
-420000 40.0
-410000 28.0
-400000 36.0
-390000 32.0
-380000 20.0
-370000 20.0
-360000 36.0
-350000 32.0
-340000 28.0
-330000 28.0
-320000 40.0
-310000 20.0
-300000 28.0
-290000 44.0
-280000 24.0
-270000 32.0
-260000 44.0
-250000 40.0
-240000 32.0
-230000 28.0
-220000 20.0
-210000 28.0
-200000 24.0
-190000 36.0
-180000 36.0
-170000 24.0
-160000 36.0
-150000 44.0
-140000 40.0
-130000 32.0
-120000 44.0
-110000 32.0
-100000 32.0
-90000 48.0
-80000 52.0
-70000 48.0
-60000 28.0
-50000 24.0
-40000 32.0
-30000 44.0
-20000 24.0
-10000 32.0
0 32.0
10000 40.0
20000 24.0
30000 20.0
40000 28.0
50000 32.0
60000 60.0
70000 28.0
80000 32.0
90000 44.0
100000 32.0
110000 36.0
120000 40.0
130000 32.0
140000 20.0
150000 28.0
160000 16.0
170000 32.0
180000 24.0
190000 32.0
200000 28.0
210000 32.0
220000 36.0
230000 24.0
240000 20.0
250000 24.0
260000 36.0
270000 16.0
280000 48.0
290000 40.0
300000 28.0
310000 36.0
320000 20.0
330000 16.0
340000 40.0
350000 32.0
360000 16.0
370000 36.0
380000 24.0
390000 16.0
400000 24.0
410000 56.0
420000 32.0
430000 28.0
440000 24.0
450000 36.0
460000 36.0
470000 32.0
480000 36.0
490000 36.0
500000 40.0
510000 48.0
520000 12.0
530000 32.0
540000 32.0
550000 36.0
560000 44.0
570000 32.0
580000 36.0
590000 32.0
600000 36.0
610000 32.0
620000 32.0
630000 16.0
640000 24.0
650000 28.0
660000 24.0
670000 36.0
680000 32.0
690000 44.0
700000 32.0
710000 36.0
720000 20.0
730000 44.0
740000 28.0
750000 28.0
760000 36.0
770000 28.0
780000 28.0
790000 32.0
800000 28.0
810000 44.0
820000 28.0
830000 28.0
840000 20.0
850000 36.0
860000 28.0
870000 20.0
880000 20.0
890000 36.0
900000 36.0
910000 16.0
920000 20.0
930000 32.0
940000 36.0
950000 28.0
960000 28.0
970000 28.0
980000 40.0
990000 28.0
1000000 44.0
