-990000 0.0
-980000 0.0
-970000 0.0
-960000 0.0
-950000 64.0
-940000 88.0
-930000 80.0
-920000 56.0
-910000 44.0
-900000 64.0
-890000 56.0
-880000 76.0
-870000 72.0
-860000 68.0
-850000 72.0
-840000 52.0
-830000 76.0
-820000 76.0
-810000 56.0
-800000 64.0
-790000 80.0
-780000 76.0
-770000 68.0
-760000 80.0
-750000 96.0
-740000 72.0
-730000 88.0
-720000 84.0
-710000 84.0
-700000 80.0
-690000 72.0
-680000 68.0
-670000 68.0
-660000 84.0
-650000 96.0
-640000 92.0
-630000 84.0
-620000 68.0
-610000 64.0
-600000 88.0
-590000 84.0
-580000 80.0
-570000 80.0
-560000 92.0
-550000 72.0
-540000 60.0
-530000 96.0
-520000 92.0
-510000 92.0
-500000 80.0
-490000 84.0
-480000 84.0
-470000 92.0
-460000 80.0
-450000 92.0
-440000 96.0
-430000 96.0
-420000 88.0
-410000 76.0
-400000 96.0
-390000 92.0
-380000 100.0
-370000 96.0
-360000 96.0
-350000 92.0
-340000 92.0
-330000 88.0
-320000 68.0
-310000 96.0
-300000 84.0
-290000 92.0
-280000 96.0
-270000 96.0
-260000 96.0
-250000 92.0
-240000 92.0
-230000 76.0
-220000 92.0
-210000 84.0
-200000 88.0
-190000 80.0
-180000 84.0
-170000 84.0
-160000 92.0
-150000 100.0
-140000 88.0
-130000 88.0
-120000 88.0
-110000 96.0
-100000 84.0
-90000 88.0
-80000 88.0
-70000 88.0
-60000 80.0
-50000 92.0
-40000 96.0
-30000 88.0
-20000 92.0
-10000 92.0
0 88.0
10000 92.0
20000 76.0
30000 80.0
40000 64.0
50000 68.0
60000 72.0
70000 68.0
80000 52.0
90000 28.0
100000 72.0
110000 84.0
120000 52.0
130000 72.0
140000 68.0
150000 56.0
160000 52.0
170000 36.0
180000 52.0
190000 72.0
200000 36.0
210000 56.0
220000 56.0
230000 20.0
240000 20.0
250000 52.0
260000 16.0
270000 40.0
280000 44.0
290000 84.0
300000 76.0
310000 68.0
320000 76.0
330000 88.0
340000 48.0
350000 84.0
360000 64.0
370000 76.0
380000 64.0
390000 84.0
400000 60.0
410000 80.0
420000 92.0
430000 84.0
440000 72.0
450000 80.0
460000 92.0
470000 80.0
480000 64.0
490000 84.0
500000 88.0
510000 64.0
520000 80.0
530000 64.0
540000 52.0
550000 60.0
560000 52.0
570000 72.0
580000 76.0
590000 40.0
600000 72.0
610000 84.0
620000 92.0
630000 72.0
640000 96.0
650000 72.0
660000 96.0
670000 88.0
680000 92.0
690000 84.0
700000 100.0
710000 96.0
720000 96.0
730000 96.0
740000 100.0
750000 100.0
760000 100.0
770000 100.0
780000 96.0
790000 100.0
800000 100.0
810000 96.0
820000 96.0
830000 100.0
840000 100.0
850000 100.0
860000 100.0
870000 100.0
880000 96.0
890000 100.0
900000 100.0
910000 96.0
920000 100.0
930000 88.0
940000 100.0
950000 96.0
960000 100.0
970000 88.0
980000 88.0
990000 100.0
1000000 96.0
