-990000 0.0
-980000 0.0
-970000 0.0
-960000 36.0
-950000 32.0
-940000 40.0
-930000 52.0
-920000 60.0
-910000 84.0
-900000 72.0
-890000 60.0
-880000 68.0
-870000 64.0
-860000 80.0
-850000 76.0
-840000 80.0
-830000 56.0
-820000 68.0
-810000 84.0
-800000 80.0
-790000 72.0
-780000 84.0
-770000 72.0
-760000 96.0
-750000 76.0
-740000 88.0
-730000 84.0
-720000 80.0
-710000 64.0
-700000 60.0
-690000 88.0
-680000 84.0
-670000 76.0
-660000 88.0
-650000 68.0
-640000 68.0
-630000 92.0
-620000 80.0
-610000 76.0
-600000 80.0
-590000 80.0
-580000 84.0
-570000 84.0
-560000 88.0
-550000 88.0
-540000 80.0
-530000 80.0
-520000 52.0
-510000 84.0
-500000 64.0
-490000 88.0
-480000 80.0
-470000 84.0
-460000 84.0
-450000 72.0
-440000 64.0
-430000 80.0
-420000 92.0
-410000 64.0
-400000 92.0
-390000 68.0
-380000 72.0
-370000 88.0
-360000 60.0
-350000 64.0
-340000 76.0
-330000 88.0
-320000 76.0
-310000 88.0
-300000 76.0
-290000 64.0
-280000 92.0
-270000 76.0
-260000 76.0
-250000 72.0
-240000 88.0
-230000 68.0
-220000 84.0
-210000 72.0
-200000 92.0
-190000 80.0
-180000 84.0
-170000 68.0
-160000 72.0
-150000 80.0
-140000 76.0
-130000 72.0
-120000 80.0
-110000 72.0
-100000 80.0
-90000 76.0
-80000 76.0
-70000 76.0
-60000 64.0
-50000 76.0
-40000 80.0
-30000 84.0
-20000 76.0
-10000 76.0
0 80.0
10000 44.0
20000 84.0
30000 84.0
40000 84.0
50000 60.0
60000 84.0
70000 100.0
80000 84.0
90000 88.0
100000 72.0
110000 76.0
120000 88.0
130000 92.0
140000 92.0
150000 88.0
160000 92.0
170000 80.0
180000 92.0
190000 88.0
200000 84.0
210000 80.0
220000 88.0
230000 72.0
240000 84.0
250000 84.0
260000 88.0
270000 88.0
280000 84.0
290000 88.0
300000 76.0
310000 88.0
320000 88.0
330000 92.0
340000 80.0
350000 92.0
360000 84.0
370000 84.0
380000 92.0
390000 96.0
400000 88.0
410000 92.0
420000 80.0
430000 92.0
440000 92.0
450000 80.0
460000 92.0
470000 92.0
480000 92.0
490000 88.0
500000 96.0
510000 88.0
520000 76.0
530000 92.0
540000 96.0
550000 84.0
560000 88.0
570000 80.0
580000 92.0
590000 96.0
600000 92.0
610000 88.0
620000 88.0
630000 88.0
640000 96.0
650000 96.0
660000 84.0
670000 92.0
680000 88.0
690000 92.0
700000 100.0
710000 96.0
720000 96.0
730000 92.0
740000 88.0
750000 100.0
760000 96.0
770000 96.0
780000 92.0
790000 96.0
800000 96.0
810000 88.0
820000 100.0
830000 100.0
840000 96.0
850000 88.0
860000 92.0
870000 96.0
880000 92.0
890000 100.0
900000 88.0
910000 92.0
920000 96.0
930000 100.0
940000 96.0
950000 96.0
960000 88.0
970000 100.0
980000 84.0
990000 100.0
1000000 96.0
