-990000 0.0
-980000 4.0
-970000 24.0
-960000 32.0
-950000 52.0
-940000 60.0
-930000 52.0
-920000 60.0
-910000 76.0
-900000 60.0
-890000 64.0
-880000 60.0
-870000 52.0
-860000 44.0
-850000 76.0
-840000 48.0
-830000 56.0
-820000 64.0
-810000 68.0
-800000 52.0
-790000 56.0
-780000 60.0
-770000 64.0
-760000 52.0
-750000 48.0
-740000 40.0
-730000 48.0
-720000 52.0
-710000 44.0
-700000 44.0
-690000 40.0
-680000 68.0
-670000 52.0
-660000 56.0
-650000 32.0
-640000 60.0
-630000 76.0
-620000 44.0
-610000 80.0
-600000 28.0
-590000 36.0
-580000 36.0
-570000 44.0
-560000 60.0
-550000 60.0
-540000 48.0
-530000 48.0
-520000 68.0
-510000 64.0
-500000 60.0
-490000 44.0
-480000 64.0
-470000 48.0
-460000 56.0
-450000 72.0
-440000 60.0
-430000 60.0
-420000 68.0
-410000 64.0
-400000 56.0
-390000 36.0
-380000 72.0
-370000 52.0
-360000 60.0
-350000 44.0
-340000 56.0
-330000 48.0
-320000 52.0
-310000 48.0
-300000 48.0
-290000 44.0
-280000 36.0
-270000 68.0
-260000 40.0
-250000 60.0
-240000 40.0
-230000 24.0
-220000 44.0
-210000 48.0
-200000 68.0
-190000 56.0
-180000 64.0
-170000 44.0
-160000 64.0
-150000 56.0
-140000 56.0
-130000 48.0
-120000 44.0
-110000 72.0
-100000 44.0
-90000 60.0
-80000 48.0
-70000 60.0
-60000 44.0
-50000 48.0
-40000 48.0
-30000 48.0
-20000 44.0
-10000 56.0
0 64.0
10000 52.0
20000 48.0
30000 56.0
40000 48.0
50000 48.0
60000 48.0
70000 60.0
80000 44.0
90000 48.0
100000 48.0
110000 56.0
120000 72.0
130000 56.0
140000 56.0
150000 44.0
160000 36.0
170000 52.0
180000 44.0
190000 64.0
200000 52.0
210000 68.0
220000 68.0
230000 44.0
240000 52.0
250000 52.0
260000 52.0
270000 56.0
280000 52.0
290000 60.0
300000 56.0
310000 60.0
320000 48.0
330000 48.0
340000 48.0
350000 60.0
360000 60.0
370000 56.0
380000 40.0
390000 52.0
400000 52.0
410000 40.0
420000 48.0
430000 52.0
440000 68.0
450000 60.0
460000 64.0
470000 76.0
480000 48.0
490000 76.0
500000 56.0
510000 56.0
520000 64.0
530000 64.0
540000 56.0
550000 72.0
560000 48.0
570000 68.0
580000 52.0
590000 60.0
600000 64.0
610000 48.0
620000 56.0
630000 56.0
640000 76.0
650000 44.0
660000 64.0
670000 48.0
680000 76.0
690000 40.0
700000 64.0
710000 56.0
720000 48.0
730000 52.0
740000 48.0
750000 52.0
760000 44.0
770000 48.0
780000 52.0
790000 40.0
800000 56.0
810000 68.0
820000 72.0
830000 64.0
840000 44.0
850000 64.0
860000 64.0
870000 80.0
880000 48.0
890000 52.0
900000 76.0
910000 64.0
920000 64.0
930000 80.0
940000 56.0
950000 48.0
960000 52.0
970000 48.0
980000 40.0
990000 52.0
1000000 52.0
