-990000 0.0
-980000 16.0
-970000 24.0
-960000 44.0
-950000 28.0
-940000 52.0
-930000 68.0
-920000 40.0
-910000 72.0
-900000 96.0
-890000 84.0
-880000 68.0
-870000 88.0
-860000 88.0
-850000 80.0
-840000 64.0
-830000 84.0
-820000 88.0
-810000 80.0
-800000 80.0
-790000 76.0
-780000 88.0
-770000 84.0
-760000 88.0
-750000 72.0
-740000 84.0
-730000 76.0
-720000 88.0
-710000 88.0
-700000 84.0
-690000 80.0
-680000 88.0
-670000 84.0
-660000 76.0
-650000 56.0
-640000 72.0
-630000 84.0
-620000 80.0
-610000 80.0
-600000 72.0
-590000 76.0
-580000 72.0
-570000 64.0
-560000 68.0
-550000 80.0
-540000 80.0
-530000 80.0
-520000 92.0
-510000 72.0
-500000 80.0
-490000 68.0
-480000 76.0
-470000 72.0
-460000 84.0
-450000 80.0
-440000 76.0
-430000 88.0
-420000 80.0
-410000 80.0
-400000 60.0
-390000 84.0
-380000 64.0
-370000 56.0
-360000 80.0
-350000 80.0
-340000 64.0
-330000 76.0
-320000 68.0
-310000 88.0
-300000 88.0
-290000 88.0
-280000 80.0
-270000 76.0
-260000 56.0
-250000 76.0
-240000 76.0
-230000 76.0
-220000 80.0
-210000 84.0
-200000 88.0
-190000 88.0
-180000 76.0
-170000 80.0
-160000 92.0
-150000 52.0
-140000 80.0
-130000 68.0
-120000 84.0
-110000 68.0
-100000 72.0
-90000 88.0
-80000 80.0
-70000 84.0
-60000 76.0
-50000 80.0
-40000 88.0
-30000 72.0
-20000 84.0
-10000 84.0
0 84.0
10000 88.0
20000 88.0
30000 76.0
40000 96.0
50000 64.0
60000 72.0
70000 92.0
80000 80.0
90000 80.0
100000 84.0
110000 88.0
120000 72.0
130000 68.0
140000 80.0
150000 80.0
160000 88.0
170000 72.0
180000 76.0
190000 80.0
200000 88.0
210000 76.0
220000 96.0
230000 80.0
240000 76.0
250000 100.0
260000 64.0
270000 84.0
280000 76.0
290000 80.0
300000 68.0
310000 84.0
320000 76.0
330000 60.0
340000 72.0
350000 88.0
360000 88.0
370000 88.0
380000 88.0
390000 76.0
400000 76.0
410000 80.0
420000 88.0
430000 92.0
440000 76.0
450000 88.0
460000 84.0
470000 92.0
480000 76.0
490000 88.0
500000 84.0
510000 80.0
520000 84.0
530000 92.0
540000 88.0
550000 84.0
560000 100.0
570000 92.0
580000 84.0
590000 88.0
600000 88.0
610000 88.0
620000 92.0
630000 100.0
640000 88.0
650000 92.0
660000 92.0
670000 84.0
680000 88.0
690000 92.0
700000 80.0
710000 92.0
720000 84.0
730000 92.0
740000 92.0
750000 100.0
760000 92.0
770000 88.0
780000 88.0
790000 88.0
800000 96.0
810000 92.0
820000 84.0
830000 92.0
840000 88.0
850000 88.0
860000 88.0
870000 96.0
880000 96.0
890000 88.0
900000 92.0
910000 96.0
920000 92.0
930000 92.0
940000 100.0
950000 88.0
960000 88.0
970000 92.0
980000 92.0
990000 84.0
1000000 84.0
