-990000 0.0
-980000 4.0
-970000 0.0
-960000 8.0
-950000 20.0
-940000 40.0
-930000 48.0
-920000 48.0
-910000 52.0
-900000 64.0
-890000 68.0
-880000 68.0
-870000 88.0
-860000 84.0
-850000 84.0
-840000 76.0
-830000 88.0
-820000 88.0
-810000 80.0
-800000 88.0
-790000 80.0
-780000 88.0
-770000 84.0
-760000 76.0
-750000 76.0
-740000 84.0
-730000 64.0
-720000 80.0
-710000 68.0
-700000 76.0
-690000 84.0
-680000 72.0
-670000 76.0
-660000 68.0
-650000 80.0
-640000 64.0
-630000 68.0
-620000 80.0
-610000 68.0
-600000 72.0
-590000 84.0
-580000 88.0
-570000 88.0
-560000 72.0
-550000 84.0
-540000 84.0
-530000 92.0
-520000 88.0
-510000 76.0
-500000 92.0
-490000 76.0
-480000 84.0
-470000 88.0
-460000 68.0
-450000 84.0
-440000 96.0
-430000 72.0
-420000 84.0
-410000 68.0
-400000 80.0
-390000 72.0
-380000 80.0
-370000 72.0
-360000 68.0
-350000 80.0
-340000 92.0
-330000 84.0
-320000 80.0
-310000 80.0
-300000 68.0
-290000 76.0
-280000 68.0
-270000 76.0
-260000 72.0
-250000 68.0
-240000 92.0
-230000 76.0
-220000 76.0
-210000 68.0
-200000 76.0
-190000 80.0
-180000 72.0
-170000 92.0
-160000 84.0
-150000 84.0
-140000 80.0
-130000 84.0
-120000 84.0
-110000 92.0
-100000 76.0
-90000 84.0
-80000 68.0
-70000 76.0
-60000 80.0
-50000 76.0
-40000 68.0
-30000 76.0
-20000 72.0
-10000 84.0
0 96.0
10000 76.0
20000 76.0
30000 72.0
40000 76.0
50000 84.0
60000 56.0
70000 88.0
80000 68.0
90000 80.0
100000 88.0
110000 68.0
120000 80.0
130000 64.0
140000 76.0
150000 64.0
160000 88.0
170000 72.0
180000 52.0
190000 72.0
200000 80.0
210000 72.0
220000 84.0
230000 80.0
240000 76.0
250000 72.0
260000 72.0
270000 72.0
280000 52.0
290000 80.0
300000 76.0
310000 52.0
320000 44.0
330000 48.0
340000 68.0
350000 60.0
360000 68.0
370000 72.0
380000 44.0
390000 52.0
400000 56.0
410000 48.0
420000 64.0
430000 52.0
440000 56.0
450000 64.0
460000 56.0
470000 52.0
480000 56.0
490000 72.0
500000 84.0
510000 60.0
520000 60.0
530000 56.0
540000 56.0
550000 64.0
560000 72.0
570000 72.0
580000 60.0
590000 52.0
600000 52.0
610000 60.0
620000 48.0
630000 76.0
640000 72.0
650000 68.0
660000 68.0
670000 60.0
680000 56.0
690000 60.0
700000 60.0
710000 68.0
720000 40.0
730000 52.0
740000 48.0
750000 56.0
760000 48.0
770000 68.0
780000 56.0
790000 60.0
800000 64.0
810000 52.0
820000 28.0
830000 60.0
840000 52.0
850000 44.0
860000 52.0
870000 56.0
880000 16.0
890000 52.0
900000 56.0
910000 60.0
920000 40.0
930000 40.0
940000 72.0
950000 44.0
960000 48.0
970000 28.0
980000 40.0
990000 48.0
1000000 52.0
