-990000 0.0
-980000 0.0
-970000 16.0
-960000 8.0
-950000 20.0
-940000 36.0
-930000 36.0
-920000 60.0
-910000 40.0
-900000 64.0
-890000 48.0
-880000 52.0
-870000 64.0
-860000 92.0
-850000 76.0
-840000 68.0
-830000 84.0
-820000 60.0
-810000 72.0
-800000 56.0
-790000 80.0
-780000 52.0
-770000 88.0
-760000 88.0
-750000 84.0
-740000 96.0
-730000 92.0
-720000 52.0
-710000 76.0
-700000 80.0
-690000 80.0
-680000 76.0
-670000 72.0
-660000 80.0
-650000 92.0
-640000 80.0
-630000 84.0
-620000 92.0
-610000 68.0
-600000 84.0
-590000 72.0
-580000 80.0
-570000 96.0
-560000 84.0
-550000 84.0
-540000 84.0
-530000 84.0
-520000 68.0
-510000 80.0
-500000 80.0
-490000 92.0
-480000 80.0
-470000 88.0
-460000 80.0
-450000 88.0
-440000 84.0
-430000 80.0
-420000 88.0
-410000 76.0
-400000 76.0
-390000 80.0
-380000 92.0
-370000 84.0
-360000 88.0
-350000 68.0
-340000 80.0
-330000 68.0
-320000 76.0
-310000 80.0
-300000 76.0
-290000 64.0
-280000 88.0
-270000 84.0
-260000 68.0
-250000 76.0
-240000 76.0
-230000 76.0
-220000 92.0
-210000 76.0
-200000 100.0
-190000 88.0
-180000 60.0
-170000 68.0
-160000 84.0
-150000 84.0
-140000 84.0
-130000 84.0
-120000 88.0
-110000 84.0
-100000 80.0
-90000 68.0
-80000 88.0
-70000 76.0
-60000 76.0
-50000 72.0
-40000 84.0
-30000 76.0
-20000 84.0
-10000 72.0
0 76.0
10000 84.0
20000 92.0
30000 84.0
40000 80.0
50000 80.0
60000 84.0
70000 88.0
80000 92.0
90000 76.0
100000 80.0
110000 84.0
120000 88.0
130000 72.0
140000 92.0
150000 80.0
160000 84.0
170000 80.0
180000 80.0
190000 100.0
200000 92.0
210000 92.0
220000 84.0
230000 80.0
240000 96.0
250000 80.0
260000 76.0
270000 92.0
280000 80.0
290000 80.0
300000 96.0
310000 96.0
320000 96.0
330000 96.0
340000 56.0
350000 80.0
360000 92.0
370000 72.0
380000 80.0
390000 92.0
400000 80.0
410000 84.0
420000 80.0
430000 92.0
440000 88.0
450000 88.0
460000 72.0
470000 64.0
480000 88.0
490000 80.0
500000 84.0
510000 88.0
520000 92.0
530000 64.0
540000 100.0
550000 92.0
560000 88.0
570000 84.0
580000 84.0
590000 92.0
600000 84.0
610000 68.0
620000 92.0
630000 96.0
640000 84.0
650000 96.0
660000 88.0
670000 80.0
680000 88.0
690000 96.0
700000 96.0
710000 96.0
720000 96.0
730000 92.0
740000 84.0
750000 92.0
760000 92.0
770000 96.0
780000 92.0
790000 96.0
800000 92.0
810000 80.0
820000 96.0
830000 92.0
840000 96.0
850000 92.0
860000 84.0
870000 96.0
880000 84.0
890000 84.0
900000 92.0
910000 88.0
920000 92.0
930000 96.0
940000 92.0
950000 92.0
960000 84.0
970000 88.0
980000 88.0
990000 84.0
1000000 96.0
