-990000 4.0
-980000 20.0
-970000 48.0
-960000 56.0
-950000 52.0
-940000 28.0
-930000 40.0
-920000 68.0
-910000 48.0
-900000 64.0
-890000 64.0
-880000 64.0
-870000 40.0
-860000 64.0
-850000 52.0
-840000 48.0
-830000 56.0
-820000 48.0
-810000 56.0
-800000 68.0
-790000 56.0
-780000 60.0
-770000 72.0
-760000 52.0
-750000 64.0
-740000 64.0
-730000 64.0
-720000 60.0
-710000 60.0
-700000 56.0
-690000 44.0
-680000 56.0
-670000 48.0
-660000 44.0
-650000 64.0
-640000 44.0
-630000 44.0
-620000 60.0
-610000 40.0
-600000 64.0
-590000 64.0
-580000 68.0
-570000 56.0
-560000 40.0
-550000 72.0
-540000 64.0
-530000 48.0
-520000 60.0
-510000 48.0
-500000 56.0
-490000 48.0
-480000 60.0
-470000 68.0
-460000 60.0
-450000 60.0
-440000 60.0
-430000 44.0
-420000 56.0
-410000 60.0
-400000 52.0
-390000 56.0
-380000 60.0
-370000 72.0
-360000 40.0
-350000 48.0
-340000 64.0
-330000 44.0
-320000 48.0
-310000 52.0
-300000 60.0
-290000 32.0
-280000 76.0
-270000 60.0
-260000 60.0
-250000 36.0
-240000 52.0
-230000 48.0
-220000 48.0
-210000 44.0
-200000 60.0
-190000 60.0
-180000 44.0
-170000 32.0
-160000 44.0
-150000 52.0
-140000 56.0
-130000 44.0
-120000 56.0
-110000 60.0
-100000 52.0
-90000 52.0
-80000 72.0
-70000 68.0
-60000 60.0
-50000 56.0
-40000 52.0
-30000 60.0
-20000 68.0
-10000 44.0
0 52.0
10000 44.0
20000 44.0
30000 32.0
40000 64.0
50000 40.0
60000 48.0
70000 52.0
80000 60.0
90000 52.0
100000 48.0
110000 48.0
120000 44.0
130000 56.0
140000 48.0
150000 48.0
160000 40.0
170000 40.0
180000 40.0
190000 56.0
200000 44.0
210000 40.0
220000 48.0
230000 48.0
240000 56.0
250000 44.0
260000 76.0
270000 44.0
280000 56.0
290000 44.0
300000 64.0
310000 52.0
320000 28.0
330000 48.0
340000 40.0
350000 56.0
360000 36.0
370000 68.0
380000 36.0
390000 40.0
400000 60.0
410000 44.0
420000 68.0
430000 36.0
440000 60.0
450000 40.0
460000 48.0
470000 32.0
480000 52.0
490000 52.0
500000 44.0
510000 52.0
520000 56.0
530000 44.0
540000 40.0
550000 68.0
560000 48.0
570000 48.0
580000 64.0
590000 36.0
600000 56.0
610000 40.0
620000 40.0
630000 44.0
640000 56.0
650000 60.0
660000 48.0
670000 52.0
680000 60.0
690000 44.0
700000 76.0
710000 48.0
720000 48.0
730000 44.0
740000 56.0
750000 40.0
760000 44.0
770000 56.0
780000 56.0
790000 48.0
800000 52.0
810000 52.0
820000 56.0
830000 56.0
840000 48.0
850000 68.0
860000 32.0
870000 28.0
880000 48.0
890000 44.0
900000 28.0
910000 44.0
920000 60.0
930000 52.0
940000 40.0
950000 64.0
960000 56.0
970000 56.0
980000 52.0
990000 44.0
1000000 48.0
