-990000 4.0
-980000 24.0
-970000 28.0
-960000 48.0
-950000 68.0
-940000 68.0
-930000 80.0
-920000 48.0
-910000 68.0
-900000 60.0
-890000 64.0
-880000 60.0
-870000 64.0
-860000 68.0
-850000 64.0
-840000 52.0
-830000 60.0
-820000 64.0
-810000 60.0
-800000 72.0
-790000 60.0
-780000 56.0
-770000 72.0
-760000 56.0
-750000 68.0
-740000 68.0
-730000 76.0
-720000 72.0
-710000 52.0
-700000 60.0
-690000 60.0
-680000 68.0
-670000 60.0
-660000 56.0
-650000 76.0
-640000 56.0
-630000 72.0
-620000 64.0
-610000 48.0
-600000 52.0
-590000 60.0
-580000 52.0
-570000 56.0
-560000 52.0
-550000 56.0
-540000 52.0
-530000 72.0
-520000 60.0
-510000 48.0
-500000 32.0
-490000 60.0
-480000 56.0
-470000 64.0
-460000 52.0
-450000 72.0
-440000 64.0
-430000 56.0
-420000 56.0
-410000 64.0
-400000 60.0
-390000 68.0
-380000 48.0
-370000 76.0
-360000 52.0
-350000 64.0
-340000 68.0
-330000 64.0
-320000 60.0
-310000 68.0
-300000 60.0
-290000 60.0
-280000 60.0
-270000 56.0
-260000 68.0
-250000 52.0
-240000 72.0
-230000 56.0
-220000 64.0
-210000 56.0
-200000 72.0
-190000 44.0
-180000 76.0
-170000 60.0
-160000 68.0
-150000 80.0
-140000 48.0
-130000 52.0
-120000 60.0
-110000 64.0
-100000 76.0
-90000 84.0
-80000 72.0
-70000 40.0
-60000 52.0
-50000 76.0
-40000 68.0
-30000 72.0
-20000 56.0
-10000 60.0
0 60.0
10000 44.0
20000 72.0
30000 64.0
40000 48.0
50000 48.0
60000 48.0
70000 60.0
80000 72.0
90000 68.0
100000 56.0
110000 76.0
120000 52.0
130000 64.0
140000 60.0
150000 68.0
160000 56.0
170000 56.0
180000 68.0
190000 56.0
200000 64.0
210000 56.0
220000 56.0
230000 52.0
240000 80.0
250000 76.0
260000 72.0
270000 76.0
280000 60.0
290000 64.0
300000 60.0
310000 56.0
320000 56.0
330000 64.0
340000 68.0
350000 72.0
360000 80.0
370000 68.0
380000 64.0
390000 68.0
400000 76.0
410000 64.0
420000 52.0
430000 48.0
440000 64.0
450000 64.0
460000 56.0
470000 48.0
480000 60.0
490000 64.0
500000 48.0
510000 64.0
520000 68.0
530000 68.0
540000 56.0
550000 52.0
560000 64.0
570000 72.0
580000 64.0
590000 76.0
600000 48.0
610000 52.0
620000 48.0
630000 68.0
640000 52.0
650000 64.0
660000 48.0
670000 72.0
680000 64.0
690000 64.0
700000 68.0
710000 64.0
720000 44.0
730000 72.0
740000 72.0
750000 60.0
760000 64.0
770000 64.0
780000 68.0
790000 52.0
800000 56.0
810000 52.0
820000 72.0
830000 48.0
840000 56.0
850000 32.0
860000 64.0
870000 72.0
880000 48.0
890000 72.0
900000 56.0
910000 52.0
920000 52.0
930000 72.0
940000 40.0
950000 60.0
960000 72.0
970000 72.0
980000 64.0
990000 56.0
1000000 68.0
