-990000 0.0
-980000 0.0
-970000 0.0
-960000 0.0
-950000 0.0
-940000 0.0
-930000 8.0
-920000 12.0
-910000 0.0
-900000 16.0
-890000 20.0
-880000 20.0
-870000 32.0
-860000 60.0
-850000 56.0
-840000 72.0
-830000 80.0
-820000 60.0
-810000 64.0
-800000 32.0
-790000 68.0
-780000 44.0
-770000 48.0
-760000 80.0
-750000 80.0
-740000 88.0
-730000 56.0
-720000 72.0
-710000 72.0
-700000 80.0
-690000 92.0
-680000 68.0
-670000 92.0
-660000 52.0
-650000 72.0
-640000 60.0
-630000 80.0
-620000 64.0
-610000 60.0
-600000 48.0
-590000 60.0
-580000 72.0
-570000 68.0
-560000 76.0
-550000 80.0
-540000 52.0
-530000 88.0
-520000 68.0
-510000 60.0
-500000 80.0
-490000 88.0
-480000 80.0
-470000 84.0
-460000 80.0
-450000 68.0
-440000 88.0
-430000 80.0
-420000 92.0
-410000 68.0
-400000 88.0
-390000 80.0
-380000 88.0
-370000 76.0
-360000 60.0
-350000 80.0
-340000 72.0
-330000 84.0
-320000 84.0
-310000 88.0
-300000 84.0
-290000 76.0
-280000 80.0
-270000 72.0
-260000 84.0
-250000 92.0
-240000 72.0
-230000 60.0
-220000 84.0
-210000 88.0
-200000 60.0
-190000 88.0
-180000 96.0
-170000 84.0
-160000 80.0
-150000 84.0
-140000 68.0
-130000 88.0
-120000 76.0
-110000 88.0
-100000 84.0
-90000 88.0
-80000 88.0
-70000 88.0
-60000 92.0
-50000 84.0
-40000 72.0
-30000 76.0
-20000 96.0
-10000 92.0
0 88.0
10000 68.0
20000 72.0
30000 92.0
40000 88.0
50000 64.0
60000 76.0
70000 72.0
80000 60.0
90000 72.0
100000 48.0
110000 56.0
120000 76.0
130000 36.0
140000 72.0
150000 40.0
160000 60.0
170000 52.0
180000 52.0
190000 44.0
200000 40.0
210000 48.0
220000 52.0
230000 48.0
240000 32.0
250000 44.0
260000 52.0
270000 56.0
280000 36.0
290000 28.0
300000 56.0
310000 60.0
320000 36.0
330000 60.0
340000 36.0
350000 20.0
360000 40.0
370000 48.0
380000 40.0
390000 24.0
400000 40.0
410000 32.0
420000 56.0
430000 48.0
440000 72.0
450000 12.0
460000 40.0
470000 16.0
480000 60.0
490000 56.0
500000 36.0
510000 36.0
520000 72.0
530000 28.0
540000 44.0
550000 4.0
560000 16.0
570000 52.0
580000 64.0
590000 44.0
600000 44.0
610000 20.0
620000 44.0
630000 40.0
640000 52.0
650000 36.0
660000 40.0
670000 56.0
680000 60.0
690000 32.0
700000 48.0
710000 52.0
720000 68.0
730000 56.0
740000 60.0
750000 80.0
760000 52.0
770000 60.0
780000 64.0
790000 84.0
800000 64.0
810000 84.0
820000 88.0
830000 80.0
840000 84.0
850000 80.0
860000 92.0
870000 88.0
880000 76.0
890000 100.0
900000 92.0
910000 100.0
920000 96.0
930000 92.0
940000 88.0
950000 100.0
960000 96.0
970000 100.0
980000 92.0
990000 100.0
1000000 100.0
