-990000 0.0
-980000 0.0
-970000 0.0
-960000 8.0
-950000 52.0
-940000 48.0
-930000 64.0
-920000 72.0
-910000 64.0
-900000 72.0
-890000 88.0
-880000 76.0
-870000 84.0
-860000 88.0
-850000 80.0
-840000 76.0
-830000 84.0
-820000 88.0
-810000 76.0
-800000 80.0
-790000 88.0
-780000 88.0
-770000 92.0
-760000 80.0
-750000 84.0
-740000 96.0
-730000 64.0
-720000 88.0
-710000 72.0
-700000 72.0
-690000 88.0
-680000 84.0
-670000 84.0
-660000 76.0
-650000 64.0
-640000 52.0
-630000 84.0
-620000 88.0
-610000 72.0
-600000 88.0
-590000 92.0
-580000 80.0
-570000 76.0
-560000 72.0
-550000 92.0
-540000 84.0
-530000 88.0
-520000 88.0
-510000 60.0
-500000 84.0
-490000 84.0
-480000 76.0
-470000 76.0
-460000 84.0
-450000 68.0
-440000 80.0
-430000 88.0
-420000 92.0
-410000 84.0
-400000 84.0
-390000 80.0
-380000 84.0
-370000 88.0
-360000 76.0
-350000 80.0
-340000 84.0
-330000 68.0
-320000 72.0
-310000 72.0
-300000 80.0
-290000 80.0
-280000 68.0
-270000 76.0
-260000 84.0
-250000 88.0
-240000 88.0
-230000 80.0
-220000 72.0
-210000 84.0
-200000 76.0
-190000 64.0
-180000 72.0
-170000 80.0
-160000 80.0
-150000 80.0
-140000 92.0
-130000 76.0
-120000 88.0
-110000 76.0
-100000 84.0
-90000 80.0
-80000 72.0
-70000 76.0
-60000 92.0
-50000 72.0
-40000 80.0
-30000 76.0
-20000 84.0
-10000 76.0
0 80.0
10000 84.0
20000 76.0
30000 68.0
40000 84.0
50000 84.0
60000 92.0
70000 80.0
80000 80.0
90000 84.0
100000 88.0
110000 84.0
120000 84.0
130000 84.0
140000 80.0
150000 88.0
160000 88.0
170000 72.0
180000 100.0
190000 72.0
200000 76.0
210000 76.0
220000 100.0
230000 84.0
240000 84.0
250000 76.0
260000 88.0
270000 64.0
280000 80.0
290000 92.0
300000 80.0
310000 84.0
320000 80.0
330000 80.0
340000 96.0
350000 92.0
360000 76.0
370000 96.0
380000 96.0
390000 84.0
400000 80.0
410000 80.0
420000 92.0
430000 92.0
440000 88.0
450000 96.0
460000 88.0
470000 96.0
480000 80.0
490000 80.0
500000 96.0
510000 80.0
520000 92.0
530000 92.0
540000 92.0
550000 88.0
560000 88.0
570000 84.0
580000 80.0
590000 96.0
600000 88.0
610000 80.0
620000 92.0
630000 88.0
640000 84.0
650000 84.0
660000 96.0
670000 92.0
680000 96.0
690000 92.0
700000 96.0
710000 96.0
720000 88.0
730000 92.0
740000 96.0
750000 100.0
760000 92.0
770000 92.0
780000 100.0
790000 92.0
800000 84.0
810000 100.0
820000 96.0
830000 100.0
840000 92.0
850000 100.0
860000 88.0
870000 96.0
880000 96.0
890000 100.0
900000 88.0
910000 100.0
920000 88.0
930000 100.0
940000 92.0
950000 100.0
960000 88.0
970000 92.0
980000 80.0
990000 88.0
1000000 92.0
