-990000 0.0
-980000 40.0
-970000 44.0
-960000 56.0
-950000 76.0
-940000 88.0
-930000 60.0
-920000 60.0
-910000 64.0
-900000 72.0
-890000 68.0
-880000 80.0
-870000 52.0
-860000 56.0
-850000 64.0
-840000 76.0
-830000 68.0
-820000 64.0
-810000 68.0
-800000 68.0
-790000 48.0
-780000 84.0
-770000 60.0
-760000 60.0
-750000 60.0
-740000 48.0
-730000 68.0
-720000 52.0
-710000 76.0
-700000 56.0
-690000 72.0
-680000 72.0
-670000 52.0
-660000 68.0
-650000 60.0
-640000 72.0
-630000 60.0
-620000 64.0
-610000 52.0
-600000 56.0
-590000 60.0
-580000 68.0
-570000 60.0
-560000 64.0
-550000 56.0
-540000 56.0
-530000 68.0
-520000 64.0
-510000 68.0
-500000 52.0
-490000 64.0
-480000 68.0
-470000 68.0
-460000 56.0
-450000 64.0
-440000 68.0
-430000 64.0
-420000 56.0
-410000 72.0
-400000 68.0
-390000 64.0
-380000 68.0
-370000 76.0
-360000 68.0
-350000 76.0
-340000 72.0
-330000 80.0
-320000 56.0
-310000 52.0
-300000 52.0
-290000 64.0
-280000 80.0
-270000 76.0
-260000 64.0
-250000 64.0
-240000 84.0
-230000 68.0
-220000 80.0
-210000 56.0
-200000 60.0
-190000 72.0
-180000 60.0
-170000 76.0
-160000 48.0
-150000 72.0
-140000 72.0
-130000 60.0
-120000 68.0
-110000 64.0
-100000 64.0
-90000 68.0
-80000 72.0
-70000 64.0
-60000 64.0
-50000 72.0
-40000 76.0
-30000 76.0
-20000 72.0
-10000 88.0
0 68.0
10000 80.0
20000 80.0
30000 64.0
40000 76.0
50000 64.0
60000 64.0
70000 68.0
80000 72.0
90000 68.0
100000 56.0
110000 72.0
120000 56.0
130000 72.0
140000 68.0
150000 56.0
160000 60.0
170000 72.0
180000 64.0
190000 64.0
200000 40.0
210000 48.0
220000 84.0
230000 72.0
240000 76.0
250000 60.0
260000 52.0
270000 80.0
280000 60.0
290000 64.0
300000 64.0
310000 64.0
320000 68.0
330000 72.0
340000 64.0
350000 76.0
360000 64.0
370000 64.0
380000 60.0
390000 52.0
400000 64.0
410000 60.0
420000 44.0
430000 68.0
440000 60.0
450000 64.0
460000 56.0
470000 72.0
480000 80.0
490000 72.0
500000 52.0
510000 80.0
520000 64.0
530000 76.0
540000 60.0
550000 68.0
560000 52.0
570000 84.0
580000 72.0
590000 64.0
600000 60.0
610000 72.0
620000 72.0
630000 68.0
640000 60.0
650000 68.0
660000 76.0
670000 52.0
680000 60.0
690000 48.0
700000 52.0
710000 64.0
720000 80.0
730000 56.0
740000 60.0
750000 68.0
760000 56.0
770000 64.0
780000 52.0
790000 52.0
800000 72.0
810000 64.0
820000 60.0
830000 64.0
840000 60.0
850000 68.0
860000 84.0
870000 76.0
880000 64.0
890000 72.0
900000 68.0
910000 52.0
920000 68.0
930000 64.0
940000 64.0
950000 60.0
960000 60.0
970000 84.0
980000 52.0
990000 56.0
1000000 44.0
