-990000 0.0
-980000 0.0
-970000 4.0
-960000 12.0
-950000 8.0
-940000 72.0
-930000 48.0
-920000 60.0
-910000 72.0
-900000 72.0
-890000 84.0
-880000 48.0
-870000 68.0
-860000 76.0
-850000 68.0
-840000 76.0
-830000 80.0
-820000 80.0
-810000 64.0
-800000 64.0
-790000 80.0
-780000 80.0
-770000 76.0
-760000 84.0
-750000 68.0
-740000 84.0
-730000 76.0
-720000 92.0
-710000 88.0
-700000 84.0
-690000 96.0
-680000 88.0
-670000 92.0
-660000 84.0
-650000 84.0
-640000 80.0
-630000 84.0
-620000 80.0
-610000 80.0
-600000 88.0
-590000 76.0
-580000 76.0
-570000 92.0
-560000 88.0
-550000 80.0
-540000 88.0
-530000 88.0
-520000 80.0
-510000 84.0
-500000 92.0
-490000 88.0
-480000 92.0
-470000 92.0
-460000 84.0
-450000 88.0
-440000 80.0
-430000 96.0
-420000 80.0
-410000 88.0
-400000 96.0
-390000 88.0
-380000 72.0
-370000 96.0
-360000 88.0
-350000 84.0
-340000 96.0
-330000 76.0
-320000 84.0
-310000 84.0
-300000 88.0
-290000 88.0
-280000 100.0
-270000 92.0
-260000 88.0
-250000 100.0
-240000 80.0
-230000 100.0
-220000 88.0
-210000 88.0
-200000 96.0
-190000 96.0
-180000 80.0
-170000 88.0
-160000 88.0
-150000 80.0
-140000 100.0
-130000 88.0
-120000 84.0
-110000 92.0
-100000 68.0
-90000 92.0
-80000 96.0
-70000 96.0
-60000 92.0
-50000 100.0
-40000 80.0
-30000 88.0
-20000 92.0
-10000 88.0
0 72.0
10000 92.0
20000 100.0
30000 88.0
40000 72.0
50000 80.0
60000 80.0
70000 72.0
80000 84.0
90000 88.0
100000 80.0
110000 76.0
120000 56.0
130000 92.0
140000 48.0
150000 72.0
160000 76.0
170000 92.0
180000 64.0
190000 60.0
200000 68.0
210000 44.0
220000 68.0
230000 68.0
240000 76.0
250000 92.0
260000 76.0
270000 76.0
280000 76.0
290000 80.0
300000 80.0
310000 80.0
320000 68.0
330000 64.0
340000 76.0
350000 60.0
360000 52.0
370000 84.0
380000 56.0
390000 60.0
400000 48.0
410000 32.0
420000 20.0
430000 20.0
440000 8.0
450000 12.0
460000 16.0
470000 20.0
480000 0.0
490000 4.0
500000 16.0
510000 32.0
520000 4.0
530000 8.0
540000 32.0
550000 12.0
560000 36.0
570000 12.0
580000 60.0
590000 72.0
600000 76.0
610000 72.0
620000 64.0
630000 84.0
640000 84.0
650000 88.0
660000 96.0
670000 84.0
680000 92.0
690000 88.0
700000 92.0
710000 96.0
720000 92.0
730000 80.0
740000 88.0
750000 92.0
760000 76.0
770000 92.0
780000 88.0
790000 96.0
800000 100.0
810000 96.0
820000 96.0
830000 100.0
840000 100.0
850000 100.0
860000 100.0
870000 100.0
880000 100.0
890000 100.0
900000 100.0
910000 100.0
920000 100.0
930000 100.0
940000 100.0
950000 100.0
960000 100.0
970000 100.0
980000 96.0
990000 100.0
1000000 92.0
