-990000 0.0
-980000 8.0
-970000 56.0
-960000 52.0
-950000 60.0
-940000 64.0
-930000 44.0
-920000 64.0
-910000 60.0
-900000 64.0
-890000 60.0
-880000 72.0
-870000 72.0
-860000 72.0
-850000 56.0
-840000 64.0
-830000 64.0
-820000 64.0
-810000 48.0
-800000 76.0
-790000 56.0
-780000 48.0
-770000 80.0
-760000 72.0
-750000 64.0
-740000 52.0
-730000 64.0
-720000 64.0
-710000 60.0
-700000 60.0
-690000 52.0
-680000 48.0
-670000 76.0
-660000 56.0
-650000 60.0
-640000 60.0
-630000 64.0
-620000 52.0
-610000 60.0
-600000 56.0
-590000 60.0
-580000 64.0
-570000 36.0
-560000 72.0
-550000 56.0
-540000 52.0
-530000 64.0
-520000 64.0
-510000 68.0
-500000 48.0
-490000 72.0
-480000 52.0
-470000 68.0
-460000 48.0
-450000 64.0
-440000 52.0
-430000 68.0
-420000 68.0
-410000 60.0
-400000 68.0
-390000 44.0
-380000 60.0
-370000 60.0
-360000 56.0
-350000 72.0
-340000 60.0
-330000 64.0
-320000 72.0
-310000 56.0
-300000 64.0
-290000 64.0
-280000 60.0
-270000 68.0
-260000 28.0
-250000 76.0
-240000 76.0
-230000 88.0
-220000 64.0
-210000 48.0
-200000 44.0
-190000 64.0
-180000 56.0
-170000 56.0
-160000 60.0
-150000 64.0
-140000 56.0
-130000 56.0
-120000 36.0
-110000 64.0
-100000 60.0
-90000 52.0
-80000 56.0
-70000 64.0
-60000 60.0
-50000 48.0
-40000 52.0
-30000 60.0
-20000 64.0
-10000 64.0
0 52.0
10000 64.0
20000 68.0
30000 60.0
40000 52.0
50000 44.0
60000 44.0
70000 64.0
80000 64.0
90000 56.0
100000 64.0
110000 72.0
120000 44.0
130000 68.0
140000 40.0
150000 40.0
160000 56.0
170000 60.0
180000 64.0
190000 36.0
200000 56.0
210000 48.0
220000 40.0
230000 52.0
240000 48.0
250000 76.0
260000 56.0
270000 44.0
280000 48.0
290000 52.0
300000 60.0
310000 64.0
320000 56.0
330000 60.0
340000 60.0
350000 76.0
360000 68.0
370000 40.0
380000 72.0
390000 60.0
400000 52.0
410000 56.0
420000 40.0
430000 60.0
440000 48.0
450000 60.0
460000 56.0
470000 44.0
480000 60.0
490000 44.0
500000 48.0
510000 60.0
520000 52.0
530000 68.0
540000 52.0
550000 60.0
560000 64.0
570000 52.0
580000 76.0
590000 52.0
600000 52.0
610000 52.0
620000 48.0
630000 48.0
640000 48.0
650000 44.0
660000 60.0
670000 48.0
680000 60.0
690000 72.0
700000 40.0
710000 56.0
720000 64.0
730000 52.0
740000 48.0
750000 80.0
760000 56.0
770000 28.0
780000 64.0
790000 40.0
800000 44.0
810000 72.0
820000 60.0
830000 64.0
840000 76.0
850000 44.0
860000 48.0
870000 56.0
880000 56.0
890000 56.0
900000 56.0
910000 36.0
920000 64.0
930000 56.0
940000 48.0
950000 60.0
960000 44.0
970000 52.0
980000 68.0
990000 56.0
1000000 44.0
