-990000 0.0
-980000 0.0
-970000 16.0
-960000 8.0
-950000 36.0
-940000 72.0
-930000 80.0
-920000 56.0
-910000 64.0
-900000 84.0
-890000 40.0
-880000 72.0
-870000 88.0
-860000 84.0
-850000 88.0
-840000 84.0
-830000 72.0
-820000 84.0
-810000 80.0
-800000 72.0
-790000 64.0
-780000 88.0
-770000 88.0
-760000 76.0
-750000 60.0
-740000 92.0
-730000 68.0
-720000 84.0
-710000 88.0
-700000 80.0
-690000 88.0
-680000 80.0
-670000 80.0
-660000 80.0
-650000 92.0
-640000 76.0
-630000 76.0
-620000 88.0
-610000 84.0
-600000 84.0
-590000 84.0
-580000 72.0
-570000 76.0
-560000 84.0
-550000 88.0
-540000 88.0
-530000 88.0
-520000 100.0
-510000 80.0
-500000 96.0
-490000 92.0
-480000 92.0
-470000 80.0
-460000 80.0
-450000 68.0
-440000 80.0
-430000 88.0
-420000 80.0
-410000 96.0
-400000 72.0
-390000 92.0
-380000 76.0
-370000 80.0
-360000 56.0
-350000 72.0
-340000 68.0
-330000 84.0
-320000 64.0
-310000 88.0
-300000 88.0
-290000 84.0
-280000 84.0
-270000 84.0
-260000 92.0
-250000 68.0
-240000 84.0
-230000 88.0
-220000 84.0
-210000 88.0
-200000 80.0
-190000 80.0
-180000 88.0
-170000 96.0
-160000 88.0
-150000 60.0
-140000 80.0
-130000 68.0
-120000 60.0
-110000 72.0
-100000 76.0
-90000 72.0
-80000 92.0
-70000 88.0
-60000 76.0
-50000 68.0
-40000 56.0
-30000 72.0
-20000 64.0
-10000 92.0
0 56.0
10000 68.0
20000 88.0
30000 88.0
40000 88.0
50000 84.0
60000 88.0
70000 76.0
80000 92.0
90000 92.0
100000 80.0
110000 76.0
120000 76.0
130000 80.0
140000 80.0
150000 80.0
160000 76.0
170000 84.0
180000 88.0
190000 72.0
200000 76.0
210000 80.0
220000 76.0
230000 84.0
240000 84.0
250000 96.0
260000 76.0
270000 72.0
280000 88.0
290000 64.0
300000 80.0
310000 92.0
320000 80.0
330000 68.0
340000 84.0
350000 92.0
360000 76.0
370000 76.0
380000 76.0
390000 92.0
400000 72.0
410000 76.0
420000 68.0
430000 84.0
440000 80.0
450000 84.0
460000 84.0
470000 80.0
480000 84.0
490000 92.0
500000 84.0
510000 92.0
520000 92.0
530000 72.0
540000 80.0
550000 76.0
560000 68.0
570000 88.0
580000 88.0
590000 92.0
600000 92.0
610000 96.0
620000 92.0
630000 84.0
640000 88.0
650000 96.0
660000 96.0
670000 96.0
680000 92.0
690000 100.0
700000 88.0
710000 96.0
720000 96.0
730000 92.0
740000 84.0
750000 80.0
760000 96.0
770000 96.0
780000 84.0
790000 88.0
800000 96.0
810000 88.0
820000 88.0
830000 84.0
840000 88.0
850000 96.0
860000 96.0
870000 100.0
880000 96.0
890000 76.0
900000 84.0
910000 100.0
920000 84.0
930000 88.0
940000 100.0
950000 84.0
960000 92.0
970000 92.0
980000 96.0
990000 92.0
1000000 96.0
