-990000 0.0
-980000 0.0
-970000 0.0
-960000 12.0
-950000 28.0
-940000 80.0
-930000 56.0
-920000 92.0
-910000 72.0
-900000 64.0
-890000 84.0
-880000 72.0
-870000 92.0
-860000 88.0
-850000 64.0
-840000 36.0
-830000 88.0
-820000 68.0
-810000 80.0
-800000 84.0
-790000 96.0
-780000 96.0
-770000 80.0
-760000 68.0
-750000 92.0
-740000 84.0
-730000 92.0
-720000 88.0
-710000 52.0
-700000 76.0
-690000 96.0
-680000 76.0
-670000 96.0
-660000 88.0
-650000 68.0
-640000 92.0
-630000 64.0
-620000 88.0
-610000 96.0
-600000 88.0
-590000 88.0
-580000 84.0
-570000 88.0
-560000 92.0
-550000 96.0
-540000 76.0
-530000 92.0
-520000 88.0
-510000 100.0
-500000 88.0
-490000 88.0
-480000 100.0
-470000 76.0
-460000 100.0
-450000 92.0
-440000 96.0
-430000 88.0
-420000 84.0
-410000 80.0
-400000 92.0
-390000 92.0
-380000 96.0
-370000 92.0
-360000 84.0
-350000 84.0
-340000 100.0
-330000 92.0
-320000 96.0
-310000 88.0
-300000 92.0
-290000 92.0
-280000 92.0
-270000 96.0
-260000 92.0
-250000 96.0
-240000 96.0
-230000 92.0
-220000 96.0
-210000 96.0
-200000 92.0
-190000 92.0
-180000 88.0
-170000 92.0
-160000 100.0
-150000 92.0
-140000 100.0
-130000 88.0
-120000 100.0
-110000 92.0
-100000 80.0
-90000 68.0
-80000 96.0
-70000 80.0
-60000 96.0
-50000 88.0
-40000 96.0
-30000 100.0
-20000 92.0
-10000 88.0
0 92.0
10000 92.0
20000 88.0
30000 96.0
40000 68.0
50000 88.0
60000 88.0
70000 68.0
80000 68.0
90000 52.0
100000 92.0
110000 84.0
120000 80.0
130000 92.0
140000 56.0
150000 72.0
160000 68.0
170000 68.0
180000 72.0
190000 68.0
200000 52.0
210000 72.0
220000 96.0
230000 96.0
240000 76.0
250000 80.0
260000 64.0
270000 76.0
280000 96.0
290000 92.0
300000 68.0
310000 68.0
320000 72.0
330000 92.0
340000 80.0
350000 92.0
360000 88.0
370000 76.0
380000 68.0
390000 52.0
400000 68.0
410000 60.0
420000 40.0
430000 64.0
440000 44.0
450000 4.0
460000 24.0
470000 12.0
480000 28.0
490000 8.0
500000 28.0
510000 8.0
520000 16.0
530000 32.0
540000 84.0
550000 52.0
560000 44.0
570000 40.0
580000 48.0
590000 48.0
600000 84.0
610000 80.0
620000 76.0
630000 80.0
640000 44.0
650000 72.0
660000 60.0
670000 84.0
680000 80.0
690000 84.0
700000 76.0
710000 92.0
720000 52.0
730000 96.0
740000 96.0
750000 96.0
760000 96.0
770000 92.0
780000 88.0
790000 96.0
800000 100.0
810000 96.0
820000 100.0
830000 96.0
840000 96.0
850000 96.0
860000 100.0
870000 100.0
880000 96.0
890000 100.0
900000 100.0
910000 100.0
920000 96.0
930000 100.0
940000 100.0
950000 100.0
960000 100.0
970000 96.0
980000 100.0
990000 92.0
1000000 100.0
