-990000 0.0
-980000 0.0
-970000 0.0
-960000 4.0
-950000 24.0
-940000 56.0
-930000 84.0
-920000 64.0
-910000 60.0
-900000 44.0
-890000 68.0
-880000 64.0
-870000 40.0
-860000 64.0
-850000 76.0
-840000 56.0
-830000 84.0
-820000 44.0
-810000 64.0
-800000 68.0
-790000 60.0
-780000 76.0
-770000 72.0
-760000 80.0
-750000 92.0
-740000 76.0
-730000 68.0
-720000 64.0
-710000 64.0
-700000 84.0
-690000 88.0
-680000 80.0
-670000 92.0
-660000 60.0
-650000 80.0
-640000 64.0
-630000 84.0
-620000 92.0
-610000 76.0
-600000 92.0
-590000 84.0
-580000 96.0
-570000 88.0
-560000 76.0
-550000 76.0
-540000 80.0
-530000 84.0
-520000 80.0
-510000 88.0
-500000 88.0
-490000 92.0
-480000 88.0
-470000 92.0
-460000 88.0
-450000 80.0
-440000 80.0
-430000 72.0
-420000 88.0
-410000 84.0
-400000 88.0
-390000 88.0
-380000 92.0
-370000 80.0
-360000 76.0
-350000 84.0
-340000 92.0
-330000 76.0
-320000 92.0
-310000 100.0
-300000 84.0
-290000 84.0
-280000 92.0
-270000 96.0
-260000 96.0
-250000 88.0
-240000 88.0
-230000 80.0
-220000 72.0
-210000 92.0
-200000 84.0
-190000 80.0
-180000 96.0
-170000 80.0
-160000 84.0
-150000 76.0
-140000 96.0
-130000 96.0
-120000 88.0
-110000 96.0
-100000 88.0
-90000 88.0
-80000 88.0
-70000 84.0
-60000 92.0
-50000 72.0
-40000 88.0
-30000 88.0
-20000 80.0
-10000 80.0
0 92.0
10000 96.0
20000 88.0
30000 100.0
40000 56.0
50000 60.0
60000 60.0
70000 60.0
80000 52.0
90000 52.0
100000 48.0
110000 44.0
120000 48.0
130000 52.0
140000 44.0
150000 40.0
160000 64.0
170000 40.0
180000 72.0
190000 60.0
200000 40.0
210000 52.0
220000 56.0
230000 36.0
240000 52.0
250000 56.0
260000 64.0
270000 64.0
280000 64.0
290000 56.0
300000 64.0
310000 64.0
320000 56.0
330000 72.0
340000 88.0
350000 84.0
360000 72.0
370000 64.0
380000 88.0
390000 68.0
400000 80.0
410000 64.0
420000 44.0
430000 52.0
440000 44.0
450000 24.0
460000 4.0
470000 4.0
480000 8.0
490000 8.0
500000 4.0
510000 0.0
520000 8.0
530000 12.0
540000 4.0
550000 4.0
560000 12.0
570000 28.0
580000 32.0
590000 44.0
600000 80.0
610000 76.0
620000 76.0
630000 72.0
640000 96.0
650000 96.0
660000 84.0
670000 68.0
680000 72.0
690000 92.0
700000 88.0
710000 96.0
720000 100.0
730000 92.0
740000 92.0
750000 96.0
760000 88.0
770000 96.0
780000 88.0
790000 96.0
800000 92.0
810000 100.0
820000 96.0
830000 96.0
840000 96.0
850000 92.0
860000 96.0
870000 88.0
880000 96.0
890000 92.0
900000 88.0
910000 100.0
920000 96.0
930000 96.0
940000 100.0
950000 100.0
960000 96.0
970000 100.0
980000 100.0
990000 100.0
1000000 100.0
