-990000 0.0
-980000 0.0
-970000 0.0
-960000 4.0
-950000 32.0
-940000 64.0
-930000 56.0
-920000 4.0
-910000 56.0
-900000 52.0
-890000 60.0
-880000 44.0
-870000 56.0
-860000 60.0
-850000 80.0
-840000 68.0
-830000 80.0
-820000 84.0
-810000 88.0
-800000 88.0
-790000 64.0
-780000 68.0
-770000 76.0
-760000 84.0
-750000 92.0
-740000 72.0
-730000 92.0
-720000 80.0
-710000 92.0
-700000 88.0
-690000 88.0
-680000 92.0
-670000 100.0
-660000 92.0
-650000 80.0
-640000 84.0
-630000 84.0
-620000 92.0
-610000 84.0
-600000 84.0
-590000 68.0
-580000 92.0
-570000 88.0
-560000 96.0
-550000 96.0
-540000 80.0
-530000 100.0
-520000 96.0
-510000 100.0
-500000 72.0
-490000 84.0
-480000 96.0
-470000 92.0
-460000 76.0
-450000 96.0
-440000 80.0
-430000 88.0
-420000 96.0
-410000 92.0
-400000 84.0
-390000 88.0
-380000 92.0
-370000 96.0
-360000 96.0
-350000 92.0
-340000 96.0
-330000 68.0
-320000 88.0
-310000 84.0
-300000 84.0
-290000 80.0
-280000 96.0
-270000 96.0
-260000 92.0
-250000 84.0
-240000 96.0
-230000 76.0
-220000 96.0
-210000 88.0
-200000 92.0
-190000 92.0
-180000 88.0
-170000 88.0
-160000 88.0
-150000 84.0
-140000 92.0
-130000 88.0
-120000 80.0
-110000 92.0
-100000 88.0
-90000 88.0
-80000 100.0
-70000 88.0
-60000 92.0
-50000 88.0
-40000 88.0
-30000 100.0
-20000 92.0
-10000 92.0
0 96.0
10000 92.0
20000 92.0
30000 92.0
40000 76.0
50000 76.0
60000 72.0
70000 84.0
80000 80.0
90000 84.0
100000 64.0
110000 68.0
120000 44.0
130000 24.0
140000 40.0
150000 24.0
160000 16.0
170000 12.0
180000 52.0
190000 52.0
200000 32.0
210000 36.0
220000 36.0
230000 24.0
240000 28.0
250000 28.0
260000 56.0
270000 68.0
280000 52.0
290000 68.0
300000 76.0
310000 76.0
320000 40.0
330000 68.0
340000 64.0
350000 68.0
360000 52.0
370000 52.0
380000 52.0
390000 44.0
400000 44.0
410000 16.0
420000 16.0
430000 8.0
440000 20.0
450000 28.0
460000 24.0
470000 20.0
480000 24.0
490000 36.0
500000 40.0
510000 56.0
520000 24.0
530000 20.0
540000 40.0
550000 32.0
560000 64.0
570000 76.0
580000 36.0
590000 92.0
600000 84.0
610000 84.0
620000 84.0
630000 92.0
640000 80.0
650000 92.0
660000 96.0
670000 96.0
680000 96.0
690000 96.0
700000 84.0
710000 96.0
720000 96.0
730000 92.0
740000 96.0
750000 96.0
760000 96.0
770000 96.0
780000 96.0
790000 100.0
800000 100.0
810000 96.0
820000 100.0
830000 100.0
840000 96.0
850000 100.0
860000 88.0
870000 92.0
880000 96.0
890000 100.0
900000 96.0
910000 100.0
920000 100.0
930000 96.0
940000 100.0
950000 92.0
960000 100.0
970000 92.0
980000 100.0
990000 96.0
1000000 100.0
