-990000 0.0
-980000 0.0
-970000 0.0
-960000 0.0
-950000 0.0
-940000 36.0
-930000 48.0
-920000 48.0
-910000 52.0
-900000 76.0
-890000 76.0
-880000 64.0
-870000 36.0
-860000 68.0
-850000 60.0
-840000 56.0
-830000 76.0
-820000 84.0
-810000 88.0
-800000 92.0
-790000 64.0
-780000 76.0
-770000 84.0
-760000 96.0
-750000 76.0
-740000 80.0
-730000 92.0
-720000 76.0
-710000 96.0
-700000 76.0
-690000 72.0
-680000 88.0
-670000 88.0
-660000 80.0
-650000 80.0
-640000 88.0
-630000 92.0
-620000 88.0
-610000 92.0
-600000 88.0
-590000 80.0
-580000 80.0
-570000 88.0
-560000 80.0
-550000 92.0
-540000 72.0
-530000 76.0
-520000 96.0
-510000 96.0
-500000 72.0
-490000 88.0
-480000 88.0
-470000 96.0
-460000 84.0
-450000 92.0
-440000 68.0
-430000 92.0
-420000 92.0
-410000 84.0
-400000 96.0
-390000 80.0
-380000 100.0
-370000 96.0
-360000 96.0
-350000 92.0
-340000 88.0
-330000 96.0
-320000 88.0
-310000 96.0
-300000 88.0
-290000 80.0
-280000 88.0
-270000 88.0
-260000 88.0
-250000 96.0
-240000 80.0
-230000 80.0
-220000 84.0
-210000 84.0
-200000 80.0
-190000 100.0
-180000 76.0
-170000 92.0
-160000 88.0
-150000 88.0
-140000 80.0
-130000 100.0
-120000 88.0
-110000 96.0
-100000 88.0
-90000 88.0
-80000 92.0
-70000 88.0
-60000 96.0
-50000 88.0
-40000 92.0
-30000 92.0
-20000 92.0
-10000 92.0
0 80.0
10000 88.0
20000 76.0
30000 88.0
40000 80.0
50000 84.0
60000 72.0
70000 88.0
80000 56.0
90000 72.0
100000 64.0
110000 68.0
120000 64.0
130000 72.0
140000 76.0
150000 60.0
160000 40.0
170000 52.0
180000 72.0
190000 76.0
200000 76.0
210000 36.0
220000 80.0
230000 52.0
240000 56.0
250000 52.0
260000 60.0
270000 60.0
280000 72.0
290000 60.0
300000 72.0
310000 72.0
320000 48.0
330000 52.0
340000 52.0
350000 48.0
360000 56.0
370000 76.0
380000 60.0
390000 44.0
400000 36.0
410000 16.0
420000 60.0
430000 28.0
440000 20.0
450000 36.0
460000 4.0
470000 4.0
480000 8.0
490000 4.0
500000 8.0
510000 8.0
520000 28.0
530000 20.0
540000 36.0
550000 8.0
560000 44.0
570000 40.0
580000 40.0
590000 40.0
600000 80.0
610000 72.0
620000 88.0
630000 72.0
640000 84.0
650000 80.0
660000 76.0
670000 84.0
680000 84.0
690000 96.0
700000 96.0
710000 92.0
720000 92.0
730000 96.0
740000 96.0
750000 96.0
760000 96.0
770000 100.0
780000 92.0
790000 100.0
800000 92.0
810000 96.0
820000 100.0
830000 100.0
840000 100.0
850000 96.0
860000 92.0
870000 100.0
880000 100.0
890000 100.0
900000 100.0
910000 100.0
920000 100.0
930000 100.0
940000 100.0
950000 100.0
960000 92.0
970000 100.0
980000 92.0
990000 100.0
1000000 96.0
