-990000 0.0
-980000 0.0
-970000 4.0
-960000 0.0
-950000 28.0
-940000 12.0
-930000 44.0
-920000 68.0
-910000 48.0
-900000 68.0
-890000 76.0
-880000 64.0
-870000 72.0
-860000 68.0
-850000 72.0
-840000 80.0
-830000 80.0
-820000 68.0
-810000 68.0
-800000 64.0
-790000 80.0
-780000 92.0
-770000 84.0
-760000 80.0
-750000 92.0
-740000 88.0
-730000 76.0
-720000 60.0
-710000 88.0
-700000 92.0
-690000 92.0
-680000 68.0
-670000 88.0
-660000 76.0
-650000 80.0
-640000 80.0
-630000 84.0
-620000 76.0
-610000 80.0
-600000 80.0
-590000 92.0
-580000 92.0
-570000 72.0
-560000 88.0
-550000 84.0
-540000 80.0
-530000 88.0
-520000 64.0
-510000 92.0
-500000 96.0
-490000 76.0
-480000 96.0
-470000 80.0
-460000 72.0
-450000 72.0
-440000 84.0
-430000 96.0
-420000 80.0
-410000 68.0
-400000 88.0
-390000 92.0
-380000 92.0
-370000 84.0
-360000 92.0
-350000 92.0
-340000 100.0
-330000 80.0
-320000 88.0
-310000 92.0
-300000 88.0
-290000 80.0
-280000 84.0
-270000 84.0
-260000 96.0
-250000 100.0
-240000 92.0
-230000 92.0
-220000 92.0
-210000 88.0
-200000 84.0
-190000 76.0
-180000 84.0
-170000 84.0
-160000 92.0
-150000 96.0
-140000 92.0
-130000 84.0
-120000 92.0
-110000 92.0
-100000 88.0
-90000 88.0
-80000 84.0
-70000 76.0
-60000 80.0
-50000 96.0
-40000 92.0
-30000 88.0
-20000 76.0
-10000 84.0
0 84.0
10000 84.0
20000 92.0
30000 88.0
40000 68.0
50000 64.0
60000 96.0
70000 76.0
80000 76.0
90000 84.0
100000 80.0
110000 84.0
120000 24.0
130000 84.0
140000 68.0
150000 48.0
160000 80.0
170000 76.0
180000 92.0
190000 76.0
200000 52.0
210000 64.0
220000 12.0
230000 60.0
240000 72.0
250000 80.0
260000 68.0
270000 76.0
280000 88.0
290000 76.0
300000 76.0
310000 72.0
320000 96.0
330000 68.0
340000 88.0
350000 76.0
360000 80.0
370000 88.0
380000 96.0
390000 96.0
400000 80.0
410000 80.0
420000 92.0
430000 96.0
440000 92.0
450000 80.0
460000 80.0
470000 96.0
480000 88.0
490000 96.0
500000 100.0
510000 96.0
520000 84.0
530000 88.0
540000 92.0
550000 68.0
560000 60.0
570000 76.0
580000 84.0
590000 92.0
600000 80.0
610000 68.0
620000 80.0
630000 80.0
640000 100.0
650000 56.0
660000 92.0
670000 60.0
680000 72.0
690000 96.0
700000 96.0
710000 92.0
720000 100.0
730000 92.0
740000 96.0
750000 88.0
760000 88.0
770000 100.0
780000 96.0
790000 96.0
800000 100.0
810000 100.0
820000 100.0
830000 100.0
840000 100.0
850000 100.0
860000 92.0
870000 96.0
880000 100.0
890000 100.0
900000 100.0
910000 100.0
920000 100.0
930000 100.0
940000 100.0
950000 100.0
960000 100.0
970000 100.0
980000 100.0
990000 96.0
1000000 96.0
