-990000 0.0
-980000 0.0
-970000 4.0
-960000 24.0
-950000 64.0
-940000 60.0
-930000 48.0
-920000 84.0
-910000 80.0
-900000 48.0
-890000 92.0
-880000 44.0
-870000 64.0
-860000 80.0
-850000 88.0
-840000 76.0
-830000 72.0
-820000 68.0
-810000 92.0
-800000 76.0
-790000 88.0
-780000 76.0
-770000 72.0
-760000 68.0
-750000 76.0
-740000 48.0
-730000 100.0
-720000 76.0
-710000 60.0
-700000 60.0
-690000 80.0
-680000 100.0
-670000 76.0
-660000 96.0
-650000 100.0
-640000 96.0
-630000 76.0
-620000 84.0
-610000 92.0
-600000 72.0
-590000 92.0
-580000 80.0
-570000 88.0
-560000 96.0
-550000 92.0
-540000 100.0
-530000 92.0
-520000 100.0
-510000 96.0
-500000 100.0
-490000 96.0
-480000 88.0
-470000 88.0
-460000 80.0
-450000 80.0
-440000 96.0
-430000 100.0
-420000 88.0
-410000 92.0
-400000 96.0
-390000 88.0
-380000 76.0
-370000 88.0
-360000 96.0
-350000 92.0
-340000 88.0
-330000 92.0
-320000 84.0
-310000 88.0
-300000 88.0
-290000 92.0
-280000 96.0
-270000 92.0
-260000 92.0
-250000 96.0
-240000 92.0
-230000 88.0
-220000 76.0
-210000 84.0
-200000 92.0
-190000 88.0
-180000 84.0
-170000 96.0
-160000 88.0
-150000 84.0
-140000 100.0
-130000 96.0
-120000 92.0
-110000 84.0
-100000 100.0
-90000 96.0
-80000 84.0
-70000 92.0
-60000 88.0
-50000 92.0
-40000 80.0
-30000 88.0
-20000 84.0
-10000 100.0
0 92.0
10000 92.0
20000 88.0
30000 92.0
40000 72.0
50000 80.0
60000 68.0
70000 52.0
80000 88.0
90000 88.0
100000 76.0
110000 76.0
120000 76.0
130000 92.0
140000 88.0
150000 36.0
160000 72.0
170000 40.0
180000 80.0
190000 52.0
200000 88.0
210000 68.0
220000 88.0
230000 76.0
240000 84.0
250000 92.0
260000 60.0
270000 80.0
280000 44.0
290000 52.0
300000 48.0
310000 8.0
320000 36.0
330000 12.0
340000 16.0
350000 24.0
360000 4.0
370000 4.0
380000 8.0
390000 4.0
400000 8.0
410000 12.0
420000 4.0
430000 0.0
440000 0.0
450000 0.0
460000 0.0
470000 4.0
480000 4.0
490000 4.0
500000 0.0
510000 4.0
520000 4.0
530000 4.0
540000 20.0
550000 16.0
560000 40.0
570000 56.0
580000 80.0
590000 60.0
600000 64.0
610000 76.0
620000 92.0
630000 84.0
640000 84.0
650000 92.0
660000 84.0
670000 84.0
680000 100.0
690000 96.0
700000 92.0
710000 96.0
720000 100.0
730000 96.0
740000 96.0
750000 100.0
760000 100.0
770000 100.0
780000 96.0
790000 96.0
800000 100.0
810000 96.0
820000 100.0
830000 100.0
840000 100.0
850000 100.0
860000 100.0
870000 100.0
880000 100.0
890000 100.0
900000 96.0
910000 100.0
920000 100.0
930000 100.0
940000 96.0
950000 100.0
960000 92.0
970000 100.0
980000 100.0
990000 100.0
1000000 100.0
