-990000 0.0
-980000 20.0
-970000 28.0
-960000 48.0
-950000 48.0
-940000 48.0
-930000 56.0
-920000 72.0
-910000 56.0
-900000 56.0
-890000 64.0
-880000 48.0
-870000 64.0
-860000 60.0
-850000 44.0
-840000 36.0
-830000 72.0
-820000 52.0
-810000 64.0
-800000 52.0
-790000 48.0
-780000 76.0
-770000 64.0
-760000 40.0
-750000 48.0
-740000 40.0
-730000 48.0
-720000 64.0
-710000 60.0
-700000 44.0
-690000 52.0
-680000 60.0
-670000 44.0
-660000 36.0
-650000 44.0
-640000 52.0
-630000 60.0
-620000 32.0
-610000 60.0
-600000 64.0
-590000 64.0
-580000 40.0
-570000 52.0
-560000 56.0
-550000 40.0
-540000 64.0
-530000 60.0
-520000 60.0
-510000 56.0
-500000 68.0
-490000 44.0
-480000 52.0
-470000 52.0
-460000 52.0
-450000 48.0
-440000 64.0
-430000 44.0
-420000 20.0
-410000 56.0
-400000 48.0
-390000 64.0
-380000 44.0
-370000 68.0
-360000 36.0
-350000 32.0
-340000 56.0
-330000 44.0
-320000 36.0
-310000 56.0
-300000 36.0
-290000 52.0
-280000 56.0
-270000 60.0
-260000 48.0
-250000 56.0
-240000 48.0
-230000 48.0
-220000 64.0
-210000 52.0
-200000 80.0
-190000 36.0
-180000 56.0
-170000 56.0
-160000 48.0
-150000 48.0
-140000 48.0
-130000 40.0
-120000 48.0
-110000 68.0
-100000 56.0
-90000 52.0
-80000 56.0
-70000 28.0
-60000 56.0
-50000 44.0
-40000 60.0
-30000 68.0
-20000 60.0
-10000 72.0
0 40.0
10000 56.0
20000 72.0
30000 40.0
40000 56.0
50000 36.0
60000 40.0
70000 56.0
80000 64.0
90000 48.0
100000 36.0
110000 28.0
120000 40.0
130000 76.0
140000 48.0
150000 28.0
160000 36.0
170000 60.0
180000 36.0
190000 36.0
200000 44.0
210000 48.0
220000 32.0
230000 48.0
240000 52.0
250000 40.0
260000 52.0
270000 60.0
280000 60.0
290000 40.0
300000 52.0
310000 48.0
320000 24.0
330000 36.0
340000 48.0
350000 52.0
360000 48.0
370000 48.0
380000 52.0
390000 44.0
400000 40.0
410000 36.0
420000 48.0
430000 56.0
440000 28.0
450000 48.0
460000 40.0
470000 40.0
480000 20.0
490000 28.0
500000 48.0
510000 36.0
520000 56.0
530000 48.0
540000 44.0
550000 28.0
560000 40.0
570000 44.0
580000 44.0
590000 32.0
600000 64.0
610000 52.0
620000 32.0
630000 56.0
640000 48.0
650000 44.0
660000 52.0
670000 60.0
680000 40.0
690000 20.0
700000 36.0
710000 28.0
720000 56.0
730000 48.0
740000 36.0
750000 44.0
760000 48.0
770000 32.0
780000 44.0
790000 36.0
800000 52.0
810000 36.0
820000 52.0
830000 44.0
840000 44.0
850000 60.0
860000 56.0
870000 32.0
880000 44.0
890000 40.0
900000 44.0
910000 36.0
920000 28.0
930000 56.0
940000 36.0
950000 32.0
960000 32.0
970000 32.0
980000 28.0
990000 20.0
1000000 52.0
