-990000 0.0
-980000 0.0
-970000 0.0
-960000 4.0
-950000 28.0
-940000 68.0
-930000 80.0
-920000 52.0
-910000 44.0
-900000 60.0
-890000 60.0
-880000 72.0
-870000 68.0
-860000 60.0
-850000 84.0
-840000 92.0
-830000 88.0
-820000 60.0
-810000 64.0
-800000 84.0
-790000 80.0
-780000 80.0
-770000 68.0
-760000 76.0
-750000 72.0
-740000 80.0
-730000 92.0
-720000 92.0
-710000 92.0
-700000 92.0
-690000 76.0
-680000 84.0
-670000 80.0
-660000 88.0
-650000 72.0
-640000 80.0
-630000 88.0
-620000 52.0
-610000 84.0
-600000 96.0
-590000 72.0
-580000 84.0
-570000 88.0
-560000 76.0
-550000 84.0
-540000 72.0
-530000 84.0
-520000 88.0
-510000 56.0
-500000 52.0
-490000 84.0
-480000 96.0
-470000 84.0
-460000 84.0
-450000 92.0
-440000 80.0
-430000 96.0
-420000 92.0
-410000 88.0
-400000 92.0
-390000 84.0
-380000 84.0
-370000 92.0
-360000 100.0
-350000 88.0
-340000 88.0
-330000 84.0
-320000 100.0
-310000 96.0
-300000 100.0
-290000 96.0
-280000 92.0
-270000 92.0
-260000 92.0
-250000 88.0
-240000 72.0
-230000 88.0
-220000 88.0
-210000 92.0
-200000 92.0
-190000 84.0
-180000 100.0
-170000 96.0
-160000 84.0
-150000 68.0
-140000 92.0
-130000 92.0
-120000 100.0
-110000 96.0
-100000 92.0
-90000 92.0
-80000 100.0
-70000 92.0
-60000 80.0
-50000 96.0
-40000 96.0
-30000 92.0
-20000 100.0
-10000 84.0
0 96.0
10000 92.0
20000 84.0
30000 88.0
40000 88.0
50000 96.0
60000 92.0
70000 68.0
80000 92.0
90000 68.0
100000 68.0
110000 92.0
120000 80.0
130000 88.0
140000 96.0
150000 76.0
160000 92.0
170000 80.0
180000 72.0
190000 60.0
200000 84.0
210000 60.0
220000 72.0
230000 68.0
240000 96.0
250000 72.0
260000 68.0
270000 60.0
280000 68.0
290000 88.0
300000 76.0
310000 80.0
320000 80.0
330000 80.0
340000 68.0
350000 56.0
360000 56.0
370000 52.0
380000 48.0
390000 36.0
400000 4.0
410000 36.0
420000 40.0
430000 16.0
440000 8.0
450000 0.0
460000 12.0
470000 44.0
480000 52.0
490000 36.0
500000 8.0
510000 48.0
520000 80.0
530000 72.0
540000 56.0
550000 40.0
560000 60.0
570000 52.0
580000 40.0
590000 56.0
600000 56.0
610000 88.0
620000 76.0
630000 80.0
640000 96.0
650000 92.0
660000 88.0
670000 84.0
680000 84.0
690000 100.0
700000 84.0
710000 72.0
720000 76.0
730000 88.0
740000 88.0
750000 92.0
760000 92.0
770000 88.0
780000 88.0
790000 88.0
800000 96.0
810000 72.0
820000 92.0
830000 96.0
840000 92.0
850000 96.0
860000 92.0
870000 100.0
880000 100.0
890000 100.0
900000 96.0
910000 96.0
920000 100.0
930000 100.0
940000 96.0
950000 100.0
960000 100.0
970000 96.0
980000 100.0
990000 100.0
1000000 100.0
