-990000 0.0
-980000 0.0
-970000 4.0
-960000 0.0
-950000 0.0
-940000 12.0
-930000 20.0
-920000 44.0
-910000 56.0
-900000 36.0
-890000 36.0
-880000 60.0
-870000 84.0
-860000 72.0
-850000 84.0
-840000 92.0
-830000 64.0
-820000 48.0
-810000 88.0
-800000 60.0
-790000 84.0
-780000 84.0
-770000 72.0
-760000 68.0
-750000 60.0
-740000 84.0
-730000 68.0
-720000 96.0
-710000 92.0
-700000 84.0
-690000 88.0
-680000 72.0
-670000 92.0
-660000 96.0
-650000 84.0
-640000 68.0
-630000 80.0
-620000 96.0
-610000 88.0
-600000 96.0
-590000 80.0
-580000 92.0
-570000 80.0
-560000 76.0
-550000 80.0
-540000 80.0
-530000 72.0
-520000 92.0
-510000 76.0
-500000 88.0
-490000 80.0
-480000 92.0
-470000 72.0
-460000 80.0
-450000 88.0
-440000 92.0
-430000 88.0
-420000 88.0
-410000 96.0
-400000 88.0
-390000 88.0
-380000 88.0
-370000 92.0
-360000 88.0
-350000 84.0
-340000 92.0
-330000 88.0
-320000 92.0
-310000 84.0
-300000 96.0
-290000 76.0
-280000 96.0
-270000 92.0
-260000 96.0
-250000 100.0
-240000 60.0
-230000 92.0
-220000 80.0
-210000 96.0
-200000 96.0
-190000 92.0
-180000 80.0
-170000 92.0
-160000 88.0
-150000 100.0
-140000 84.0
-130000 88.0
-120000 80.0
-110000 96.0
-100000 88.0
-90000 92.0
-80000 84.0
-70000 96.0
-60000 84.0
-50000 84.0
-40000 88.0
-30000 88.0
-20000 84.0
-10000 96.0
0 80.0
10000 92.0
20000 80.0
30000 80.0
40000 88.0
50000 88.0
60000 76.0
70000 80.0
80000 80.0
90000 64.0
100000 84.0
110000 60.0
120000 68.0
130000 56.0
140000 48.0
150000 60.0
160000 72.0
170000 64.0
180000 68.0
190000 56.0
200000 48.0
210000 40.0
220000 48.0
230000 52.0
240000 84.0
250000 68.0
260000 48.0
270000 64.0
280000 76.0
290000 68.0
300000 44.0
310000 60.0
320000 56.0
330000 60.0
340000 56.0
350000 64.0
360000 60.0
370000 60.0
380000 72.0
390000 64.0
400000 64.0
410000 72.0
420000 60.0
430000 48.0
440000 24.0
450000 16.0
460000 24.0
470000 20.0
480000 12.0
490000 0.0
500000 0.0
510000 0.0
520000 8.0
530000 0.0
540000 8.0
550000 8.0
560000 20.0
570000 12.0
580000 24.0
590000 36.0
600000 28.0
610000 40.0
620000 32.0
630000 80.0
640000 60.0
650000 56.0
660000 92.0
670000 88.0
680000 92.0
690000 84.0
700000 88.0
710000 96.0
720000 92.0
730000 88.0
740000 80.0
750000 64.0
760000 84.0
770000 92.0
780000 92.0
790000 96.0
800000 96.0
810000 76.0
820000 76.0
830000 100.0
840000 100.0
850000 92.0
860000 100.0
870000 92.0
880000 96.0
890000 100.0
900000 100.0
910000 96.0
920000 96.0
930000 100.0
940000 100.0
950000 100.0
960000 100.0
970000 100.0
980000 100.0
990000 92.0
1000000 96.0
