-990000 0.0
-980000 4.0
-970000 0.0
-960000 0.0
-950000 8.0
-940000 4.0
-930000 4.0
-920000 20.0
-910000 44.0
-900000 28.0
-890000 52.0
-880000 48.0
-870000 68.0
-860000 76.0
-850000 64.0
-840000 64.0
-830000 80.0
-820000 76.0
-810000 80.0
-800000 64.0
-790000 72.0
-780000 60.0
-770000 76.0
-760000 72.0
-750000 88.0
-740000 72.0
-730000 92.0
-720000 88.0
-710000 84.0
-700000 80.0
-690000 76.0
-680000 80.0
-670000 88.0
-660000 96.0
-650000 84.0
-640000 92.0
-630000 72.0
-620000 76.0
-610000 68.0
-600000 72.0
-590000 80.0
-580000 88.0
-570000 88.0
-560000 84.0
-550000 72.0
-540000 60.0
-530000 88.0
-520000 80.0
-510000 92.0
-500000 88.0
-490000 84.0
-480000 80.0
-470000 88.0
-460000 80.0
-450000 84.0
-440000 96.0
-430000 84.0
-420000 84.0
-410000 72.0
-400000 68.0
-390000 68.0
-380000 80.0
-370000 84.0
-360000 88.0
-350000 56.0
-340000 84.0
-330000 88.0
-320000 64.0
-310000 76.0
-300000 96.0
-290000 76.0
-280000 92.0
-270000 72.0
-260000 84.0
-250000 84.0
-240000 64.0
-230000 84.0
-220000 92.0
-210000 92.0
-200000 76.0
-190000 88.0
-180000 88.0
-170000 80.0
-160000 84.0
-150000 84.0
-140000 84.0
-130000 60.0
-120000 92.0
-110000 76.0
-100000 72.0
-90000 96.0
-80000 88.0
-70000 92.0
-60000 84.0
-50000 76.0
-40000 76.0
-30000 76.0
-20000 84.0
-10000 84.0
0 72.0
10000 80.0
20000 88.0
30000 84.0
40000 76.0
50000 88.0
60000 84.0
70000 72.0
80000 84.0
90000 84.0
100000 88.0
110000 80.0
120000 84.0
130000 76.0
140000 80.0
150000 84.0
160000 76.0
170000 72.0
180000 64.0
190000 80.0
200000 76.0
210000 72.0
220000 80.0
230000 80.0
240000 72.0
250000 76.0
260000 76.0
270000 68.0
280000 80.0
290000 100.0
300000 84.0
310000 92.0
320000 88.0
330000 84.0
340000 76.0
350000 80.0
360000 76.0
370000 84.0
380000 88.0
390000 92.0
400000 88.0
410000 84.0
420000 84.0
430000 88.0
440000 88.0
450000 84.0
460000 80.0
470000 80.0
480000 92.0
490000 88.0
500000 92.0
510000 80.0
520000 88.0
530000 96.0
540000 88.0
550000 84.0
560000 92.0
570000 92.0
580000 92.0
590000 96.0
600000 92.0
610000 100.0
620000 88.0
630000 96.0
640000 84.0
650000 100.0
660000 96.0
670000 92.0
680000 100.0
690000 84.0
700000 84.0
710000 88.0
720000 84.0
730000 100.0
740000 84.0
750000 88.0
760000 88.0
770000 80.0
780000 100.0
790000 88.0
800000 92.0
810000 80.0
820000 92.0
830000 96.0
840000 100.0
850000 92.0
860000 96.0
870000 100.0
880000 88.0
890000 100.0
900000 96.0
910000 88.0
920000 88.0
930000 96.0
940000 100.0
950000 100.0
960000 96.0
970000 96.0
980000 100.0
990000 88.0
1000000 80.0
