-990000 0.0
-980000 0.0
-970000 0.0
-960000 0.0
-950000 32.0
-940000 80.0
-930000 52.0
-920000 72.0
-910000 68.0
-900000 32.0
-890000 68.0
-880000 76.0
-870000 68.0
-860000 100.0
-850000 60.0
-840000 72.0
-830000 88.0
-820000 60.0
-810000 68.0
-800000 76.0
-790000 92.0
-780000 72.0
-770000 76.0
-760000 76.0
-750000 80.0
-740000 80.0
-730000 84.0
-720000 88.0
-710000 84.0
-700000 84.0
-690000 60.0
-680000 92.0
-670000 100.0
-660000 84.0
-650000 96.0
-640000 88.0
-630000 88.0
-620000 64.0
-610000 92.0
-600000 88.0
-590000 88.0
-580000 72.0
-570000 96.0
-560000 88.0
-550000 88.0
-540000 88.0
-530000 80.0
-520000 92.0
-510000 92.0
-500000 92.0
-490000 96.0
-480000 84.0
-470000 76.0
-460000 92.0
-450000 92.0
-440000 96.0
-430000 80.0
-420000 96.0
-410000 84.0
-400000 80.0
-390000 96.0
-380000 88.0
-370000 92.0
-360000 96.0
-350000 80.0
-340000 88.0
-330000 80.0
-320000 96.0
-310000 80.0
-300000 92.0
-290000 88.0
-280000 84.0
-270000 68.0
-260000 84.0
-250000 68.0
-240000 72.0
-230000 80.0
-220000 88.0
-210000 80.0
-200000 80.0
-190000 92.0
-180000 92.0
-170000 96.0
-160000 96.0
-150000 92.0
-140000 96.0
-130000 88.0
-120000 72.0
-110000 84.0
-100000 96.0
-90000 96.0
-80000 88.0
-70000 88.0
-60000 92.0
-50000 96.0
-40000 92.0
-30000 92.0
-20000 88.0
-10000 96.0
0 84.0
10000 88.0
20000 88.0
30000 80.0
40000 84.0
50000 92.0
60000 84.0
70000 68.0
80000 68.0
90000 60.0
100000 72.0
110000 60.0
120000 88.0
130000 44.0
140000 56.0
150000 64.0
160000 60.0
170000 72.0
180000 44.0
190000 48.0
200000 32.0
210000 56.0
220000 56.0
230000 36.0
240000 44.0
250000 52.0
260000 60.0
270000 64.0
280000 88.0
290000 32.0
300000 64.0
310000 88.0
320000 68.0
330000 72.0
340000 76.0
350000 60.0
360000 80.0
370000 68.0
380000 80.0
390000 76.0
400000 64.0
410000 60.0
420000 64.0
430000 72.0
440000 52.0
450000 52.0
460000 44.0
470000 32.0
480000 20.0
490000 64.0
500000 44.0
510000 4.0
520000 20.0
530000 80.0
540000 76.0
550000 72.0
560000 60.0
570000 80.0
580000 88.0
590000 76.0
600000 92.0
610000 84.0
620000 80.0
630000 92.0
640000 96.0
650000 100.0
660000 96.0
670000 88.0
680000 96.0
690000 92.0
700000 100.0
710000 84.0
720000 100.0
730000 92.0
740000 96.0
750000 92.0
760000 100.0
770000 92.0
780000 96.0
790000 92.0
800000 92.0
810000 96.0
820000 92.0
830000 96.0
840000 100.0
850000 100.0
860000 100.0
870000 96.0
880000 100.0
890000 100.0
900000 100.0
910000 100.0
920000 100.0
930000 100.0
940000 96.0
950000 100.0
960000 100.0
970000 100.0
980000 100.0
990000 100.0
1000000 88.0
