-990000 0.0
-980000 0.0
-970000 24.0
-960000 20.0
-950000 32.0
-940000 76.0
-930000 64.0
-920000 60.0
-910000 56.0
-900000 60.0
-890000 68.0
-880000 68.0
-870000 68.0
-860000 76.0
-850000 80.0
-840000 72.0
-830000 64.0
-820000 80.0
-810000 96.0
-800000 100.0
-790000 84.0
-780000 56.0
-770000 96.0
-760000 84.0
-750000 80.0
-740000 76.0
-730000 88.0
-720000 88.0
-710000 84.0
-700000 80.0
-690000 76.0
-680000 60.0
-670000 64.0
-660000 76.0
-650000 72.0
-640000 100.0
-630000 84.0
-620000 64.0
-610000 80.0
-600000 100.0
-590000 84.0
-580000 68.0
-570000 84.0
-560000 88.0
-550000 76.0
-540000 96.0
-530000 96.0
-520000 88.0
-510000 88.0
-500000 80.0
-490000 88.0
-480000 84.0
-470000 80.0
-460000 72.0
-450000 100.0
-440000 92.0
-430000 92.0
-420000 80.0
-410000 76.0
-400000 76.0
-390000 92.0
-380000 84.0
-370000 92.0
-360000 92.0
-350000 80.0
-340000 96.0
-330000 84.0
-320000 60.0
-310000 96.0
-300000 76.0
-290000 96.0
-280000 96.0
-270000 76.0
-260000 84.0
-250000 84.0
-240000 84.0
-230000 76.0
-220000 84.0
-210000 80.0
-200000 88.0
-190000 96.0
-180000 96.0
-170000 88.0
-160000 84.0
-150000 88.0
-140000 96.0
-130000 84.0
-120000 92.0
-110000 76.0
-100000 84.0
-90000 96.0
-80000 88.0
-70000 96.0
-60000 88.0
-50000 84.0
-40000 88.0
-30000 100.0
-20000 96.0
-10000 96.0
0 88.0
10000 84.0
20000 80.0
30000 84.0
40000 80.0
50000 84.0
60000 60.0
70000 60.0
80000 60.0
90000 52.0
100000 44.0
110000 68.0
120000 40.0
130000 44.0
140000 56.0
150000 44.0
160000 40.0
170000 80.0
180000 12.0
190000 40.0
200000 44.0
210000 60.0
220000 44.0
230000 36.0
240000 72.0
250000 64.0
260000 64.0
270000 56.0
280000 64.0
290000 88.0
300000 72.0
310000 72.0
320000 72.0
330000 60.0
340000 92.0
350000 72.0
360000 52.0
370000 76.0
380000 80.0
390000 44.0
400000 40.0
410000 44.0
420000 76.0
430000 32.0
440000 32.0
450000 12.0
460000 20.0
470000 12.0
480000 8.0
490000 12.0
500000 0.0
510000 8.0
520000 0.0
530000 36.0
540000 16.0
550000 32.0
560000 52.0
570000 60.0
580000 56.0
590000 68.0
600000 44.0
610000 88.0
620000 80.0
630000 88.0
640000 80.0
650000 52.0
660000 96.0
670000 76.0
680000 100.0
690000 96.0
700000 92.0
710000 92.0
720000 96.0
730000 92.0
740000 100.0
750000 88.0
760000 88.0
770000 96.0
780000 96.0
790000 100.0
800000 100.0
810000 100.0
820000 96.0
830000 100.0
840000 92.0
850000 100.0
860000 100.0
870000 96.0
880000 96.0
890000 100.0
900000 96.0
910000 96.0
920000 96.0
930000 100.0
940000 100.0
950000 96.0
960000 100.0
970000 88.0
980000 96.0
990000 96.0
1000000 100.0
