-990000 0.0
-980000 0.0
-970000 0.0
-960000 4.0
-950000 8.0
-940000 36.0
-930000 52.0
-920000 48.0
-910000 72.0
-900000 72.0
-890000 72.0
-880000 64.0
-870000 56.0
-860000 76.0
-850000 60.0
-840000 92.0
-830000 88.0
-820000 84.0
-810000 64.0
-800000 84.0
-790000 80.0
-780000 68.0
-770000 76.0
-760000 76.0
-750000 84.0
-740000 80.0
-730000 76.0
-720000 88.0
-710000 88.0
-700000 92.0
-690000 72.0
-680000 80.0
-670000 84.0
-660000 88.0
-650000 92.0
-640000 68.0
-630000 88.0
-620000 76.0
-610000 92.0
-600000 64.0
-590000 72.0
-580000 80.0
-570000 92.0
-560000 80.0
-550000 88.0
-540000 84.0
-530000 56.0
-520000 72.0
-510000 72.0
-500000 88.0
-490000 84.0
-480000 88.0
-470000 80.0
-460000 92.0
-450000 92.0
-440000 80.0
-430000 96.0
-420000 84.0
-410000 80.0
-400000 76.0
-390000 84.0
-380000 84.0
-370000 80.0
-360000 80.0
-350000 96.0
-340000 80.0
-330000 76.0
-320000 80.0
-310000 68.0
-300000 76.0
-290000 84.0
-280000 72.0
-270000 84.0
-260000 80.0
-250000 84.0
-240000 76.0
-230000 60.0
-220000 76.0
-210000 96.0
-200000 72.0
-190000 72.0
-180000 72.0
-170000 76.0
-160000 72.0
-150000 84.0
-140000 84.0
-130000 68.0
-120000 72.0
-110000 92.0
-100000 64.0
-90000 72.0
-80000 76.0
-70000 80.0
-60000 80.0
-50000 72.0
-40000 84.0
-30000 68.0
-20000 88.0
-10000 72.0
0 76.0
10000 72.0
20000 84.0
30000 84.0
40000 88.0
50000 76.0
60000 88.0
70000 76.0
80000 92.0
90000 80.0
100000 80.0
110000 84.0
120000 88.0
130000 88.0
140000 76.0
150000 76.0
160000 92.0
170000 80.0
180000 76.0
190000 76.0
200000 88.0
210000 76.0
220000 80.0
230000 96.0
240000 80.0
250000 92.0
260000 80.0
270000 96.0
280000 84.0
290000 96.0
300000 84.0
310000 76.0
320000 84.0
330000 92.0
340000 88.0
350000 96.0
360000 92.0
370000 96.0
380000 80.0
390000 80.0
400000 84.0
410000 76.0
420000 84.0
430000 72.0
440000 88.0
450000 88.0
460000 92.0
470000 84.0
480000 80.0
490000 96.0
500000 80.0
510000 100.0
520000 88.0
530000 88.0
540000 92.0
550000 84.0
560000 84.0
570000 92.0
580000 88.0
590000 84.0
600000 80.0
610000 88.0
620000 84.0
630000 84.0
640000 92.0
650000 92.0
660000 92.0
670000 84.0
680000 88.0
690000 80.0
700000 88.0
710000 96.0
720000 92.0
730000 92.0
740000 96.0
750000 76.0
760000 92.0
770000 88.0
780000 92.0
790000 80.0
800000 100.0
810000 100.0
820000 92.0
830000 84.0
840000 76.0
850000 96.0
860000 88.0
870000 96.0
880000 88.0
890000 84.0
900000 76.0
910000 72.0
920000 100.0
930000 92.0
940000 92.0
950000 92.0
960000 88.0
970000 84.0
980000 80.0
990000 84.0
1000000 80.0
