-990000 0.0
-980000 4.0
-970000 28.0
-960000 24.0
-950000 48.0
-940000 20.0
-930000 36.0
-920000 56.0
-910000 56.0
-900000 52.0
-890000 52.0
-880000 40.0
-870000 36.0
-860000 40.0
-850000 56.0
-840000 44.0
-830000 36.0
-820000 32.0
-810000 48.0
-800000 36.0
-790000 44.0
-780000 44.0
-770000 48.0
-760000 48.0
-750000 40.0
-740000 72.0
-730000 44.0
-720000 64.0
-710000 44.0
-700000 68.0
-690000 60.0
-680000 52.0
-670000 52.0
-660000 68.0
-650000 44.0
-640000 36.0
-630000 40.0
-620000 52.0
-610000 68.0
-600000 52.0
-590000 48.0
-580000 36.0
-570000 36.0
-560000 36.0
-550000 60.0
-540000 48.0
-530000 60.0
-520000 52.0
-510000 48.0
-500000 56.0
-490000 56.0
-480000 64.0
-470000 56.0
-460000 52.0
-450000 44.0
-440000 48.0
-430000 36.0
-420000 44.0
-410000 56.0
-400000 44.0
-390000 44.0
-380000 40.0
-370000 40.0
-360000 60.0
-350000 40.0
-340000 20.0
-330000 52.0
-320000 40.0
-310000 44.0
-300000 64.0
-290000 56.0
-280000 44.0
-270000 44.0
-260000 52.0
-250000 44.0
-240000 40.0
-230000 60.0
-220000 32.0
-210000 44.0
-200000 60.0
-190000 48.0
-180000 60.0
-170000 52.0
-160000 44.0
-150000 40.0
-140000 40.0
-130000 56.0
-120000 52.0
-110000 40.0
-100000 40.0
-90000 44.0
-80000 52.0
-70000 40.0
-60000 40.0
-50000 60.0
-40000 40.0
-30000 52.0
-20000 52.0
-10000 40.0
0 44.0
10000 44.0
20000 40.0
30000 44.0
40000 56.0
50000 60.0
60000 32.0
70000 56.0
80000 52.0
90000 52.0
100000 32.0
110000 40.0
120000 36.0
130000 48.0
140000 36.0
150000 32.0
160000 60.0
170000 44.0
180000 48.0
190000 28.0
200000 52.0
210000 44.0
220000 48.0
230000 48.0
240000 40.0
250000 24.0
260000 52.0
270000 48.0
280000 44.0
290000 32.0
300000 48.0
310000 56.0
320000 44.0
330000 24.0
340000 48.0
350000 44.0
360000 28.0
370000 40.0
380000 16.0
390000 36.0
400000 48.0
410000 44.0
420000 40.0
430000 36.0
440000 32.0
450000 44.0
460000 36.0
470000 36.0
480000 40.0
490000 28.0
500000 36.0
510000 44.0
520000 48.0
530000 28.0
540000 52.0
550000 44.0
560000 36.0
570000 28.0
580000 40.0
590000 28.0
600000 56.0
610000 28.0
620000 24.0
630000 60.0
640000 44.0
650000 44.0
660000 24.0
670000 44.0
680000 32.0
690000 28.0
700000 32.0
710000 44.0
720000 32.0
730000 44.0
740000 28.0
750000 40.0
760000 40.0
770000 48.0
780000 24.0
790000 44.0
800000 40.0
810000 32.0
820000 56.0
830000 24.0
840000 28.0
850000 56.0
860000 36.0
870000 44.0
880000 36.0
890000 48.0
900000 56.0
910000 56.0
920000 40.0
930000 40.0
940000 32.0
950000 28.0
960000 40.0
970000 52.0
980000 40.0
990000 28.0
1000000 32.0
