-990000 0.0
-980000 0.0
-970000 8.0
-960000 0.0
-950000 44.0
-940000 64.0
-930000 84.0
-920000 80.0
-910000 88.0
-900000 84.0
-890000 72.0
-880000 84.0
-870000 72.0
-860000 84.0
-850000 80.0
-840000 76.0
-830000 84.0
-820000 96.0
-810000 88.0
-800000 80.0
-790000 76.0
-780000 84.0
-770000 72.0
-760000 80.0
-750000 76.0
-740000 80.0
-730000 84.0
-720000 84.0
-710000 64.0
-700000 76.0
-690000 88.0
-680000 76.0
-670000 84.0
-660000 72.0
-650000 96.0
-640000 88.0
-630000 72.0
-620000 88.0
-610000 72.0
-600000 84.0
-590000 92.0
-580000 92.0
-570000 84.0
-560000 88.0
-550000 84.0
-540000 88.0
-530000 80.0
-520000 88.0
-510000 84.0
-500000 100.0
-490000 84.0
-480000 84.0
-470000 96.0
-460000 88.0
-450000 88.0
-440000 80.0
-430000 84.0
-420000 88.0
-410000 88.0
-400000 76.0
-390000 92.0
-380000 72.0
-370000 84.0
-360000 76.0
-350000 96.0
-340000 84.0
-330000 68.0
-320000 84.0
-310000 88.0
-300000 76.0
-290000 88.0
-280000 92.0
-270000 72.0
-260000 84.0
-250000 84.0
-240000 88.0
-230000 88.0
-220000 88.0
-210000 80.0
-200000 72.0
-190000 72.0
-180000 80.0
-170000 76.0
-160000 84.0
-150000 88.0
-140000 76.0
-130000 84.0
-120000 84.0
-110000 88.0
-100000 56.0
-90000 76.0
-80000 68.0
-70000 92.0
-60000 84.0
-50000 80.0
-40000 88.0
-30000 84.0
-20000 88.0
-10000 76.0
0 84.0
10000 84.0
20000 84.0
30000 76.0
40000 84.0
50000 88.0
60000 76.0
70000 88.0
80000 84.0
90000 100.0
100000 92.0
110000 88.0
120000 88.0
130000 88.0
140000 92.0
150000 76.0
160000 88.0
170000 92.0
180000 96.0
190000 80.0
200000 80.0
210000 72.0
220000 92.0
230000 96.0
240000 84.0
250000 100.0
260000 88.0
270000 92.0
280000 88.0
290000 92.0
300000 80.0
310000 92.0
320000 84.0
330000 92.0
340000 84.0
350000 84.0
360000 96.0
370000 96.0
380000 92.0
390000 96.0
400000 100.0
410000 92.0
420000 80.0
430000 96.0
440000 88.0
450000 100.0
460000 88.0
470000 96.0
480000 100.0
490000 92.0
500000 76.0
510000 92.0
520000 80.0
530000 100.0
540000 92.0
550000 88.0
560000 92.0
570000 96.0
580000 100.0
590000 100.0
600000 100.0
610000 96.0
620000 88.0
630000 92.0
640000 96.0
650000 96.0
660000 88.0
670000 84.0
680000 88.0
690000 92.0
700000 92.0
710000 96.0
720000 92.0
730000 96.0
740000 92.0
750000 96.0
760000 88.0
770000 96.0
780000 96.0
790000 88.0
800000 88.0
810000 100.0
820000 100.0
830000 92.0
840000 88.0
850000 92.0
860000 96.0
870000 92.0
880000 96.0
890000 100.0
900000 96.0
910000 100.0
920000 88.0
930000 92.0
940000 88.0
950000 88.0
960000 92.0
970000 96.0
980000 88.0
990000 84.0
1000000 92.0
