-990000 0.0
-980000 0.0
-970000 0.0
-960000 8.0
-950000 8.0
-940000 0.0
-930000 64.0
-920000 56.0
-910000 48.0
-900000 68.0
-890000 88.0
-880000 76.0
-870000 76.0
-860000 76.0
-850000 60.0
-840000 84.0
-830000 92.0
-820000 64.0
-810000 68.0
-800000 88.0
-790000 64.0
-780000 88.0
-770000 80.0
-760000 84.0
-750000 80.0
-740000 80.0
-730000 96.0
-720000 76.0
-710000 68.0
-700000 84.0
-690000 68.0
-680000 76.0
-670000 84.0
-660000 84.0
-650000 84.0
-640000 80.0
-630000 76.0
-620000 68.0
-610000 72.0
-600000 76.0
-590000 72.0
-580000 96.0
-570000 76.0
-560000 76.0
-550000 84.0
-540000 88.0
-530000 80.0
-520000 80.0
-510000 68.0
-500000 76.0
-490000 84.0
-480000 84.0
-470000 88.0
-460000 80.0
-450000 84.0
-440000 56.0
-430000 88.0
-420000 88.0
-410000 80.0
-400000 88.0
-390000 80.0
-380000 84.0
-370000 72.0
-360000 80.0
-350000 88.0
-340000 72.0
-330000 72.0
-320000 64.0
-310000 76.0
-300000 92.0
-290000 68.0
-280000 80.0
-270000 76.0
-260000 76.0
-250000 84.0
-240000 88.0
-230000 76.0
-220000 76.0
-210000 80.0
-200000 76.0
-190000 96.0
-180000 76.0
-170000 68.0
-160000 76.0
-150000 84.0
-140000 80.0
-130000 92.0
-120000 80.0
-110000 80.0
-100000 64.0
-90000 72.0
-80000 72.0
-70000 88.0
-60000 72.0
-50000 76.0
-40000 92.0
-30000 68.0
-20000 72.0
-10000 96.0
0 60.0
10000 84.0
20000 84.0
30000 72.0
40000 84.0
50000 76.0
60000 80.0
70000 72.0
80000 84.0
90000 88.0
100000 84.0
110000 88.0
120000 68.0
130000 72.0
140000 92.0
150000 80.0
160000 80.0
170000 72.0
180000 84.0
190000 76.0
200000 80.0
210000 76.0
220000 92.0
230000 64.0
240000 84.0
250000 96.0
260000 88.0
270000 76.0
280000 80.0
290000 88.0
300000 80.0
310000 76.0
320000 76.0
330000 84.0
340000 84.0
350000 92.0
360000 88.0
370000 76.0
380000 80.0
390000 80.0
400000 96.0
410000 76.0
420000 76.0
430000 92.0
440000 88.0
450000 80.0
460000 96.0
470000 96.0
480000 96.0
490000 92.0
500000 80.0
510000 84.0
520000 96.0
530000 96.0
540000 84.0
550000 96.0
560000 88.0
570000 88.0
580000 92.0
590000 92.0
600000 92.0
610000 88.0
620000 88.0
630000 80.0
640000 80.0
650000 100.0
660000 96.0
670000 100.0
680000 88.0
690000 100.0
700000 88.0
710000 80.0
720000 92.0
730000 92.0
740000 92.0
750000 92.0
760000 96.0
770000 96.0
780000 100.0
790000 96.0
800000 96.0
810000 92.0
820000 76.0
830000 92.0
840000 88.0
850000 88.0
860000 100.0
870000 100.0
880000 100.0
890000 92.0
900000 84.0
910000 88.0
920000 92.0
930000 92.0
940000 96.0
950000 100.0
960000 96.0
970000 92.0
980000 92.0
990000 100.0
1000000 96.0
