-990000 0.0
-980000 36.0
-970000 40.0
-960000 68.0
-950000 48.0
-940000 48.0
-930000 52.0
-920000 68.0
-910000 72.0
-900000 76.0
-890000 48.0
-880000 60.0
-870000 72.0
-860000 64.0
-850000 52.0
-840000 76.0
-830000 48.0
-820000 92.0
-810000 64.0
-800000 84.0
-790000 84.0
-780000 48.0
-770000 68.0
-760000 68.0
-750000 52.0
-740000 56.0
-730000 48.0
-720000 56.0
-710000 68.0
-700000 56.0
-690000 80.0
-680000 56.0
-670000 44.0
-660000 48.0
-650000 64.0
-640000 68.0
-630000 56.0
-620000 60.0
-610000 68.0
-600000 64.0
-590000 56.0
-580000 72.0
-570000 44.0
-560000 44.0
-550000 64.0
-540000 68.0
-530000 80.0
-520000 84.0
-510000 64.0
-500000 60.0
-490000 44.0
-480000 52.0
-470000 68.0
-460000 52.0
-450000 72.0
-440000 48.0
-430000 76.0
-420000 48.0
-410000 64.0
-400000 52.0
-390000 36.0
-380000 48.0
-370000 64.0
-360000 56.0
-350000 52.0
-340000 80.0
-330000 76.0
-320000 48.0
-310000 48.0
-300000 64.0
-290000 60.0
-280000 72.0
-270000 48.0
-260000 64.0
-250000 64.0
-240000 60.0
-230000 36.0
-220000 64.0
-210000 80.0
-200000 44.0
-190000 56.0
-180000 68.0
-170000 72.0
-160000 56.0
-150000 56.0
-140000 64.0
-130000 60.0
-120000 64.0
-110000 44.0
-100000 64.0
-90000 60.0
-80000 72.0
-70000 68.0
-60000 60.0
-50000 64.0
-40000 52.0
-30000 72.0
-20000 64.0
-10000 52.0
0 80.0
10000 72.0
20000 68.0
30000 72.0
40000 76.0
50000 76.0
60000 64.0
70000 56.0
80000 92.0
90000 64.0
100000 68.0
110000 76.0
120000 56.0
130000 72.0
140000 72.0
150000 68.0
160000 60.0
170000 52.0
180000 76.0
190000 60.0
200000 44.0
210000 68.0
220000 64.0
230000 68.0
240000 68.0
250000 72.0
260000 68.0
270000 48.0
280000 84.0
290000 76.0
300000 60.0
310000 56.0
320000 60.0
330000 72.0
340000 56.0
350000 52.0
360000 60.0
370000 60.0
380000 60.0
390000 60.0
400000 60.0
410000 60.0
420000 56.0
430000 60.0
440000 64.0
450000 68.0
460000 76.0
470000 64.0
480000 64.0
490000 68.0
500000 72.0
510000 44.0
520000 60.0
530000 60.0
540000 40.0
550000 68.0
560000 56.0
570000 72.0
580000 68.0
590000 52.0
600000 68.0
610000 68.0
620000 68.0
630000 68.0
640000 64.0
650000 60.0
660000 76.0
670000 80.0
680000 60.0
690000 76.0
700000 80.0
710000 80.0
720000 60.0
730000 68.0
740000 76.0
750000 84.0
760000 84.0
770000 64.0
780000 72.0
790000 72.0
800000 68.0
810000 84.0
820000 80.0
830000 64.0
840000 64.0
850000 60.0
860000 72.0
870000 60.0
880000 64.0
890000 60.0
900000 64.0
910000 44.0
920000 68.0
930000 52.0
940000 72.0
950000 80.0
960000 60.0
970000 72.0
980000 64.0
990000 72.0
1000000 72.0
