-990000 0.0
-980000 0.0
-970000 0.0
-960000 0.0
-950000 4.0
-940000 20.0
-930000 8.0
-920000 20.0
-910000 68.0
-900000 68.0
-890000 60.0
-880000 56.0
-870000 80.0
-860000 60.0
-850000 88.0
-840000 88.0
-830000 68.0
-820000 84.0
-810000 68.0
-800000 96.0
-790000 80.0
-780000 96.0
-770000 80.0
-760000 80.0
-750000 72.0
-740000 84.0
-730000 72.0
-720000 84.0
-710000 92.0
-700000 92.0
-690000 80.0
-680000 84.0
-670000 76.0
-660000 76.0
-650000 96.0
-640000 84.0
-630000 92.0
-620000 80.0
-610000 88.0
-600000 88.0
-590000 92.0
-580000 80.0
-570000 88.0
-560000 92.0
-550000 80.0
-540000 88.0
-530000 92.0
-520000 92.0
-510000 88.0
-500000 52.0
-490000 80.0
-480000 88.0
-470000 92.0
-460000 88.0
-450000 84.0
-440000 84.0
-430000 92.0
-420000 76.0
-410000 88.0
-400000 92.0
-390000 84.0
-380000 88.0
-370000 92.0
-360000 92.0
-350000 84.0
-340000 92.0
-330000 84.0
-320000 84.0
-310000 96.0
-300000 96.0
-290000 96.0
-280000 76.0
-270000 92.0
-260000 76.0
-250000 84.0
-240000 96.0
-230000 72.0
-220000 96.0
-210000 68.0
-200000 88.0
-190000 76.0
-180000 84.0
-170000 84.0
-160000 96.0
-150000 80.0
-140000 84.0
-130000 88.0
-120000 88.0
-110000 68.0
-100000 96.0
-90000 80.0
-80000 92.0
-70000 88.0
-60000 84.0
-50000 88.0
-40000 92.0
-30000 96.0
-20000 84.0
-10000 88.0
0 84.0
10000 92.0
20000 84.0
30000 88.0
40000 92.0
50000 84.0
60000 76.0
70000 68.0
80000 76.0
90000 68.0
100000 52.0
110000 72.0
120000 60.0
130000 68.0
140000 68.0
150000 56.0
160000 52.0
170000 52.0
180000 32.0
190000 52.0
200000 40.0
210000 64.0
220000 60.0
230000 48.0
240000 64.0
250000 32.0
260000 28.0
270000 60.0
280000 48.0
290000 52.0
300000 72.0
310000 68.0
320000 72.0
330000 52.0
340000 88.0
350000 80.0
360000 64.0
370000 48.0
380000 56.0
390000 80.0
400000 80.0
410000 80.0
420000 72.0
430000 88.0
440000 80.0
450000 72.0
460000 72.0
470000 88.0
480000 88.0
490000 80.0
500000 84.0
510000 100.0
520000 92.0
530000 76.0
540000 72.0
550000 72.0
560000 88.0
570000 92.0
580000 76.0
590000 56.0
600000 28.0
610000 60.0
620000 60.0
630000 56.0
640000 32.0
650000 56.0
660000 80.0
670000 76.0
680000 56.0
690000 72.0
700000 40.0
710000 88.0
720000 84.0
730000 68.0
740000 96.0
750000 96.0
760000 88.0
770000 92.0
780000 92.0
790000 100.0
800000 100.0
810000 92.0
820000 96.0
830000 100.0
840000 96.0
850000 100.0
860000 100.0
870000 96.0
880000 96.0
890000 100.0
900000 96.0
910000 100.0
920000 100.0
930000 100.0
940000 100.0
950000 92.0
960000 100.0
970000 96.0
980000 100.0
990000 100.0
1000000 92.0
