-990000 4.0
-980000 8.0
-970000 28.0
-960000 24.0
-950000 40.0
-940000 80.0
-930000 72.0
-920000 68.0
-910000 76.0
-900000 68.0
-890000 72.0
-880000 68.0
-870000 64.0
-860000 68.0
-850000 72.0
-840000 88.0
-830000 76.0
-820000 72.0
-810000 60.0
-800000 88.0
-790000 56.0
-780000 84.0
-770000 76.0
-760000 68.0
-750000 72.0
-740000 76.0
-730000 64.0
-720000 88.0
-710000 64.0
-700000 68.0
-690000 80.0
-680000 68.0
-670000 80.0
-660000 80.0
-650000 72.0
-640000 88.0
-630000 76.0
-620000 76.0
-610000 80.0
-600000 76.0
-590000 68.0
-580000 72.0
-570000 76.0
-560000 60.0
-550000 80.0
-540000 64.0
-530000 72.0
-520000 76.0
-510000 68.0
-500000 68.0
-490000 72.0
-480000 56.0
-470000 76.0
-460000 76.0
-450000 48.0
-440000 60.0
-430000 52.0
-420000 68.0
-410000 80.0
-400000 60.0
-390000 84.0
-380000 72.0
-370000 76.0
-360000 88.0
-350000 60.0
-340000 60.0
-330000 68.0
-320000 52.0
-310000 76.0
-300000 72.0
-290000 76.0
-280000 76.0
-270000 64.0
-260000 72.0
-250000 68.0
-240000 76.0
-230000 72.0
-220000 56.0
-210000 76.0
-200000 48.0
-190000 72.0
-180000 72.0
-170000 56.0
-160000 92.0
-150000 72.0
-140000 72.0
-130000 72.0
-120000 56.0
-110000 68.0
-100000 76.0
-90000 68.0
-80000 84.0
-70000 72.0
-60000 80.0
-50000 64.0
-40000 76.0
-30000 64.0
-20000 68.0
-10000 68.0
0 68.0
10000 72.0
20000 76.0
30000 76.0
40000 92.0
50000 88.0
60000 60.0
70000 68.0
80000 64.0
90000 84.0
100000 76.0
110000 76.0
120000 72.0
130000 48.0
140000 64.0
150000 64.0
160000 68.0
170000 76.0
180000 48.0
190000 76.0
200000 84.0
210000 84.0
220000 64.0
230000 68.0
240000 48.0
250000 64.0
260000 68.0
270000 76.0
280000 84.0
290000 76.0
300000 56.0
310000 76.0
320000 76.0
330000 64.0
340000 80.0
350000 68.0
360000 84.0
370000 88.0
380000 76.0
390000 72.0
400000 80.0
410000 84.0
420000 76.0
430000 68.0
440000 60.0
450000 60.0
460000 68.0
470000 76.0
480000 76.0
490000 68.0
500000 84.0
510000 60.0
520000 68.0
530000 68.0
540000 72.0
550000 60.0
560000 68.0
570000 72.0
580000 80.0
590000 64.0
600000 72.0
610000 72.0
620000 72.0
630000 60.0
640000 88.0
650000 72.0
660000 64.0
670000 76.0
680000 80.0
690000 76.0
700000 68.0
710000 52.0
720000 72.0
730000 80.0
740000 68.0
750000 68.0
760000 88.0
770000 68.0
780000 68.0
790000 44.0
800000 68.0
810000 80.0
820000 72.0
830000 76.0
840000 68.0
850000 64.0
860000 64.0
870000 60.0
880000 80.0
890000 76.0
900000 68.0
910000 76.0
920000 64.0
930000 76.0
940000 64.0
950000 76.0
960000 64.0
970000 56.0
980000 72.0
990000 68.0
1000000 60.0
