-990000 0.0
-980000 0.0
-970000 0.0
-960000 0.0
-950000 0.0
-940000 12.0
-930000 24.0
-920000 28.0
-910000 44.0
-900000 68.0
-890000 60.0
-880000 64.0
-870000 56.0
-860000 60.0
-850000 60.0
-840000 80.0
-830000 72.0
-820000 72.0
-810000 68.0
-800000 60.0
-790000 72.0
-780000 60.0
-770000 72.0
-760000 88.0
-750000 88.0
-740000 64.0
-730000 80.0
-720000 68.0
-710000 60.0
-700000 60.0
-690000 60.0
-680000 68.0
-670000 56.0
-660000 56.0
-650000 80.0
-640000 88.0
-630000 72.0
-620000 64.0
-610000 64.0
-600000 80.0
-590000 88.0
-580000 96.0
-570000 76.0
-560000 56.0
-550000 80.0
-540000 64.0
-530000 72.0
-520000 80.0
-510000 76.0
-500000 84.0
-490000 68.0
-480000 92.0
-470000 84.0
-460000 84.0
-450000 88.0
-440000 80.0
-430000 76.0
-420000 84.0
-410000 88.0
-400000 76.0
-390000 72.0
-380000 92.0
-370000 84.0
-360000 72.0
-350000 80.0
-340000 92.0
-330000 92.0
-320000 80.0
-310000 72.0
-300000 68.0
-290000 88.0
-280000 88.0
-270000 96.0
-260000 88.0
-250000 92.0
-240000 76.0
-230000 80.0
-220000 76.0
-210000 80.0
-200000 72.0
-190000 80.0
-180000 76.0
-170000 76.0
-160000 80.0
-150000 80.0
-140000 88.0
-130000 80.0
-120000 76.0
-110000 76.0
-100000 92.0
-90000 88.0
-80000 84.0
-70000 92.0
-60000 72.0
-50000 72.0
-40000 80.0
-30000 72.0
-20000 60.0
-10000 68.0
0 72.0
10000 88.0
20000 92.0
30000 84.0
40000 88.0
50000 76.0
60000 64.0
70000 80.0
80000 80.0
90000 88.0
100000 84.0
110000 76.0
120000 84.0
130000 92.0
140000 80.0
150000 68.0
160000 64.0
170000 72.0
180000 68.0
190000 76.0
200000 92.0
210000 84.0
220000 68.0
230000 84.0
240000 76.0
250000 92.0
260000 76.0
270000 76.0
280000 68.0
290000 84.0
300000 76.0
310000 80.0
320000 80.0
330000 56.0
340000 76.0
350000 72.0
360000 80.0
370000 92.0
380000 84.0
390000 88.0
400000 68.0
410000 76.0
420000 80.0
430000 88.0
440000 88.0
450000 76.0
460000 96.0
470000 84.0
480000 88.0
490000 88.0
500000 88.0
510000 80.0
520000 84.0
530000 84.0
540000 72.0
550000 88.0
560000 80.0
570000 76.0
580000 96.0
590000 80.0
600000 96.0
610000 76.0
620000 96.0
630000 92.0
640000 84.0
650000 84.0
660000 88.0
670000 92.0
680000 80.0
690000 84.0
700000 92.0
710000 88.0
720000 88.0
730000 88.0
740000 96.0
750000 88.0
760000 88.0
770000 84.0
780000 92.0
790000 92.0
800000 84.0
810000 92.0
820000 76.0
830000 80.0
840000 92.0
850000 96.0
860000 88.0
870000 92.0
880000 96.0
890000 96.0
900000 84.0
910000 96.0
920000 80.0
930000 96.0
940000 88.0
950000 100.0
960000 88.0
970000 92.0
980000 96.0
990000 92.0
1000000 92.0
