-990000 0.0
-980000 32.0
-970000 24.0
-960000 32.0
-950000 24.0
-940000 32.0
-930000 48.0
-920000 32.0
-910000 20.0
-900000 56.0
-890000 36.0
-880000 64.0
-870000 44.0
-860000 44.0
-850000 56.0
-840000 52.0
-830000 48.0
-820000 48.0
-810000 56.0
-800000 52.0
-790000 40.0
-780000 40.0
-770000 56.0
-760000 56.0
-750000 44.0
-740000 48.0
-730000 48.0
-720000 72.0
-710000 40.0
-700000 20.0
-690000 48.0
-680000 68.0
-670000 40.0
-660000 44.0
-650000 52.0
-640000 52.0
-630000 48.0
-620000 48.0
-610000 52.0
-600000 52.0
-590000 56.0
-580000 28.0
-570000 44.0
-560000 64.0
-550000 48.0
-540000 40.0
-530000 44.0
-520000 32.0
-510000 24.0
-500000 44.0
-490000 32.0
-480000 20.0
-470000 48.0
-460000 36.0
-450000 40.0
-440000 28.0
-430000 44.0
-420000 52.0
-410000 36.0
-400000 48.0
-390000 44.0
-380000 44.0
-370000 32.0
-360000 28.0
-350000 52.0
-340000 48.0
-330000 32.0
-320000 52.0
-310000 40.0
-300000 40.0
-290000 44.0
-280000 32.0
-270000 44.0
-260000 40.0
-250000 44.0
-240000 32.0
-230000 24.0
-220000 16.0
-210000 48.0
-200000 48.0
-190000 24.0
-180000 24.0
-170000 40.0
-160000 28.0
-150000 32.0
-140000 28.0
-130000 40.0
-120000 24.0
-110000 48.0
-100000 40.0
-90000 20.0
-80000 36.0
-70000 44.0
-60000 32.0
-50000 36.0
-40000 48.0
-30000 40.0
-20000 48.0
-10000 24.0
0 40.0
10000 28.0
20000 40.0
30000 40.0
40000 40.0
50000 48.0
60000 52.0
70000 36.0
80000 32.0
90000 24.0
100000 48.0
110000 32.0
120000 28.0
130000 36.0
140000 28.0
150000 32.0
160000 36.0
170000 48.0
180000 32.0
190000 48.0
200000 24.0
210000 52.0
220000 28.0
230000 36.0
240000 40.0
250000 16.0
260000 24.0
270000 36.0
280000 36.0
290000 28.0
300000 24.0
310000 40.0
320000 36.0
330000 24.0
340000 40.0
350000 36.0
360000 28.0
370000 44.0
380000 32.0
390000 56.0
400000 44.0
410000 24.0
420000 20.0
430000 32.0
440000 32.0
450000 40.0
460000 28.0
470000 24.0
480000 28.0
490000 40.0
500000 28.0
510000 36.0
520000 36.0
530000 28.0
540000 20.0
550000 36.0
560000 36.0
570000 12.0
580000 40.0
590000 24.0
600000 40.0
610000 36.0
620000 12.0
630000 40.0
640000 36.0
650000 40.0
660000 28.0
670000 20.0
680000 48.0
690000 48.0
700000 40.0
710000 8.0
720000 16.0
730000 28.0
740000 24.0
750000 16.0
760000 40.0
770000 32.0
780000 32.0
790000 44.0
800000 56.0
810000 32.0
820000 44.0
830000 48.0
840000 32.0
850000 40.0
860000 32.0
870000 20.0
880000 36.0
890000 32.0
900000 32.0
910000 36.0
920000 36.0
930000 32.0
940000 24.0
950000 60.0
960000 40.0
970000 24.0
980000 40.0
990000 36.0
1000000 56.0
