-990000 0.0
-980000 0.0
-970000 0.0
-960000 0.0
-950000 12.0
-940000 12.0
-930000 44.0
-920000 28.0
-910000 20.0
-900000 64.0
-890000 44.0
-880000 56.0
-870000 64.0
-860000 68.0
-850000 68.0
-840000 80.0
-830000 72.0
-820000 64.0
-810000 76.0
-800000 84.0
-790000 76.0
-780000 88.0
-770000 76.0
-760000 84.0
-750000 80.0
-740000 72.0
-730000 80.0
-720000 64.0
-710000 84.0
-700000 84.0
-690000 80.0
-680000 72.0
-670000 80.0
-660000 88.0
-650000 88.0
-640000 92.0
-630000 76.0
-620000 60.0
-610000 64.0
-600000 80.0
-590000 80.0
-580000 76.0
-570000 84.0
-560000 88.0
-550000 92.0
-540000 88.0
-530000 88.0
-520000 76.0
-510000 88.0
-500000 96.0
-490000 80.0
-480000 84.0
-470000 64.0
-460000 76.0
-450000 84.0
-440000 72.0
-430000 88.0
-420000 84.0
-410000 72.0
-400000 72.0
-390000 92.0
-380000 80.0
-370000 76.0
-360000 76.0
-350000 84.0
-340000 84.0
-330000 88.0
-320000 80.0
-310000 72.0
-300000 60.0
-290000 80.0
-280000 84.0
-270000 72.0
-260000 80.0
-250000 76.0
-240000 80.0
-230000 72.0
-220000 80.0
-210000 80.0
-200000 76.0
-190000 72.0
-180000 72.0
-170000 60.0
-160000 64.0
-150000 84.0
-140000 60.0
-130000 92.0
-120000 72.0
-110000 72.0
-100000 72.0
-90000 84.0
-80000 84.0
-70000 80.0
-60000 88.0
-50000 72.0
-40000 88.0
-30000 88.0
-20000 80.0
-10000 88.0
0 72.0
10000 80.0
20000 84.0
30000 88.0
40000 76.0
50000 92.0
60000 88.0
70000 76.0
80000 92.0
90000 72.0
100000 88.0
110000 72.0
120000 84.0
130000 64.0
140000 96.0
150000 84.0
160000 84.0
170000 88.0
180000 72.0
190000 88.0
200000 92.0
210000 88.0
220000 80.0
230000 84.0
240000 72.0
250000 84.0
260000 88.0
270000 92.0
280000 76.0
290000 72.0
300000 72.0
310000 88.0
320000 76.0
330000 88.0
340000 80.0
350000 76.0
360000 80.0
370000 88.0
380000 88.0
390000 88.0
400000 96.0
410000 88.0
420000 96.0
430000 100.0
440000 88.0
450000 92.0
460000 96.0
470000 100.0
480000 80.0
490000 92.0
500000 100.0
510000 96.0
520000 88.0
530000 92.0
540000 84.0
550000 84.0
560000 96.0
570000 88.0
580000 100.0
590000 88.0
600000 92.0
610000 84.0
620000 88.0
630000 88.0
640000 92.0
650000 84.0
660000 92.0
670000 96.0
680000 88.0
690000 92.0
700000 88.0
710000 88.0
720000 100.0
730000 84.0
740000 88.0
750000 96.0
760000 88.0
770000 100.0
780000 96.0
790000 84.0
800000 88.0
810000 84.0
820000 92.0
830000 92.0
840000 80.0
850000 80.0
860000 80.0
870000 80.0
880000 80.0
890000 84.0
900000 80.0
910000 52.0
920000 52.0
930000 40.0
940000 44.0
950000 56.0
960000 52.0
970000 60.0
980000 56.0
990000 44.0
1000000 52.0
