-990000 0.0
-980000 20.0
-970000 20.0
-960000 60.0
-950000 44.0
-940000 64.0
-930000 56.0
-920000 40.0
-910000 52.0
-900000 36.0
-890000 48.0
-880000 52.0
-870000 60.0
-860000 68.0
-850000 56.0
-840000 52.0
-830000 64.0
-820000 56.0
-810000 56.0
-800000 60.0
-790000 40.0
-780000 68.0
-770000 44.0
-760000 56.0
-750000 40.0
-740000 52.0
-730000 52.0
-720000 56.0
-710000 56.0
-700000 32.0
-690000 48.0
-680000 52.0
-670000 52.0
-660000 40.0
-650000 64.0
-640000 48.0
-630000 56.0
-620000 28.0
-610000 56.0
-600000 40.0
-590000 60.0
-580000 56.0
-570000 52.0
-560000 72.0
-550000 44.0
-540000 60.0
-530000 72.0
-520000 56.0
-510000 72.0
-500000 80.0
-490000 48.0
-480000 56.0
-470000 68.0
-460000 52.0
-450000 48.0
-440000 60.0
-430000 48.0
-420000 28.0
-410000 64.0
-400000 68.0
-390000 60.0
-380000 56.0
-370000 56.0
-360000 56.0
-350000 60.0
-340000 40.0
-330000 48.0
-320000 64.0
-310000 60.0
-300000 60.0
-290000 36.0
-280000 56.0
-270000 56.0
-260000 56.0
-250000 44.0
-240000 48.0
-230000 60.0
-220000 36.0
-210000 40.0
-200000 64.0
-190000 44.0
-180000 48.0
-170000 44.0
-160000 24.0
-150000 68.0
-140000 52.0
-130000 44.0
-120000 68.0
-110000 56.0
-100000 52.0
-90000 60.0
-80000 60.0
-70000 52.0
-60000 64.0
-50000 60.0
-40000 44.0
-30000 60.0
-20000 36.0
-10000 56.0
0 60.0
10000 48.0
20000 36.0
30000 52.0
40000 68.0
50000 40.0
60000 60.0
70000 44.0
80000 76.0
90000 64.0
100000 48.0
110000 48.0
120000 48.0
130000 56.0
140000 52.0
150000 56.0
160000 40.0
170000 56.0
180000 68.0
190000 60.0
200000 44.0
210000 60.0
220000 40.0
230000 56.0
240000 48.0
250000 48.0
260000 60.0
270000 52.0
280000 56.0
290000 32.0
300000 52.0
310000 40.0
320000 36.0
330000 44.0
340000 60.0
350000 52.0
360000 56.0
370000 48.0
380000 48.0
390000 68.0
400000 52.0
410000 52.0
420000 56.0
430000 44.0
440000 40.0
450000 72.0
460000 64.0
470000 60.0
480000 60.0
490000 64.0
500000 24.0
510000 64.0
520000 56.0
530000 56.0
540000 44.0
550000 56.0
560000 68.0
570000 44.0
580000 56.0
590000 44.0
600000 64.0
610000 52.0
620000 32.0
630000 52.0
640000 64.0
650000 68.0
660000 44.0
670000 48.0
680000 52.0
690000 48.0
700000 68.0
710000 64.0
720000 68.0
730000 64.0
740000 56.0
750000 72.0
760000 48.0
770000 52.0
780000 60.0
790000 24.0
800000 48.0
810000 68.0
820000 64.0
830000 60.0
840000 32.0
850000 68.0
860000 64.0
870000 52.0
880000 52.0
890000 52.0
900000 60.0
910000 48.0
920000 76.0
930000 40.0
940000 56.0
950000 68.0
960000 48.0
970000 44.0
980000 52.0
990000 36.0
1000000 52.0
