-990000 0.0
-980000 0.0
-970000 0.0
-960000 48.0
-950000 76.0
-940000 80.0
-930000 72.0
-920000 72.0
-910000 72.0
-900000 56.0
-890000 68.0
-880000 72.0
-870000 88.0
-860000 80.0
-850000 84.0
-840000 88.0
-830000 84.0
-820000 84.0
-810000 80.0
-800000 88.0
-790000 92.0
-780000 88.0
-770000 80.0
-760000 96.0
-750000 88.0
-740000 88.0
-730000 96.0
-720000 76.0
-710000 84.0
-700000 80.0
-690000 88.0
-680000 76.0
-670000 88.0
-660000 88.0
-650000 80.0
-640000 88.0
-630000 88.0
-620000 76.0
-610000 84.0
-600000 88.0
-590000 92.0
-580000 96.0
-570000 68.0
-560000 88.0
-550000 84.0
-540000 76.0
-530000 72.0
-520000 72.0
-510000 88.0
-500000 88.0
-490000 88.0
-480000 84.0
-470000 92.0
-460000 72.0
-450000 76.0
-440000 88.0
-430000 76.0
-420000 84.0
-410000 80.0
-400000 68.0
-390000 72.0
-380000 92.0
-370000 92.0
-360000 88.0
-350000 84.0
-340000 88.0
-330000 96.0
-320000 80.0
-310000 72.0
-300000 76.0
-290000 84.0
-280000 88.0
-270000 96.0
-260000 72.0
-250000 76.0
-240000 88.0
-230000 96.0
-220000 92.0
-210000 84.0
-200000 64.0
-190000 76.0
-180000 72.0
-170000 96.0
-160000 64.0
-150000 92.0
-140000 84.0
-130000 64.0
-120000 76.0
-110000 64.0
-100000 84.0
-90000 96.0
-80000 76.0
-70000 88.0
-60000 72.0
-50000 88.0
-40000 88.0
-30000 80.0
-20000 88.0
-10000 72.0
0 72.0
10000 72.0
20000 84.0
30000 76.0
40000 80.0
50000 76.0
60000 84.0
70000 84.0
80000 84.0
90000 76.0
100000 84.0
110000 92.0
120000 84.0
130000 72.0
140000 84.0
150000 88.0
160000 80.0
170000 72.0
180000 64.0
190000 80.0
200000 72.0
210000 88.0
220000 72.0
230000 80.0
240000 72.0
250000 88.0
260000 76.0
270000 92.0
280000 68.0
290000 80.0
300000 88.0
310000 84.0
320000 80.0
330000 80.0
340000 76.0
350000 80.0
360000 76.0
370000 100.0
380000 88.0
390000 92.0
400000 92.0
410000 84.0
420000 92.0
430000 80.0
440000 92.0
450000 92.0
460000 92.0
470000 84.0
480000 80.0
490000 84.0
500000 88.0
510000 100.0
520000 84.0
530000 88.0
540000 96.0
550000 84.0
560000 92.0
570000 76.0
580000 96.0
590000 88.0
600000 88.0
610000 88.0
620000 88.0
630000 92.0
640000 92.0
650000 96.0
660000 84.0
670000 80.0
680000 88.0
690000 92.0
700000 96.0
710000 80.0
720000 92.0
730000 92.0
740000 96.0
750000 88.0
760000 92.0
770000 96.0
780000 88.0
790000 100.0
800000 92.0
810000 88.0
820000 84.0
830000 96.0
840000 92.0
850000 92.0
860000 92.0
870000 96.0
880000 88.0
890000 100.0
900000 76.0
910000 100.0
920000 76.0
930000 92.0
940000 96.0
950000 92.0
960000 92.0
970000 84.0
980000 80.0
990000 92.0
1000000 92.0
