-990000 0.0
-980000 40.0
-970000 60.0
-960000 68.0
-950000 72.0
-940000 76.0
-930000 72.0
-920000 68.0
-910000 56.0
-900000 64.0
-890000 80.0
-880000 88.0
-870000 88.0
-860000 80.0
-850000 80.0
-840000 52.0
-830000 68.0
-820000 64.0
-810000 84.0
-800000 64.0
-790000 60.0
-780000 60.0
-770000 52.0
-760000 80.0
-750000 76.0
-740000 92.0
-730000 68.0
-720000 68.0
-710000 80.0
-700000 96.0
-690000 76.0
-680000 80.0
-670000 68.0
-660000 92.0
-650000 64.0
-640000 92.0
-630000 76.0
-620000 72.0
-610000 60.0
-600000 88.0
-590000 84.0
-580000 80.0
-570000 72.0
-560000 80.0
-550000 52.0
-540000 72.0
-530000 68.0
-520000 64.0
-510000 64.0
-500000 68.0
-490000 84.0
-480000 60.0
-470000 68.0
-460000 72.0
-450000 80.0
-440000 64.0
-430000 84.0
-420000 64.0
-410000 80.0
-400000 60.0
-390000 88.0
-380000 60.0
-370000 88.0
-360000 80.0
-350000 80.0
-340000 72.0
-330000 76.0
-320000 76.0
-310000 68.0
-300000 80.0
-290000 80.0
-280000 72.0
-270000 68.0
-260000 68.0
-250000 64.0
-240000 72.0
-230000 84.0
-220000 76.0
-210000 88.0
-200000 80.0
-190000 92.0
-180000 76.0
-170000 72.0
-160000 76.0
-150000 72.0
-140000 76.0
-130000 80.0
-120000 76.0
-110000 84.0
-100000 84.0
-90000 72.0
-80000 80.0
-70000 52.0
-60000 68.0
-50000 72.0
-40000 60.0
-30000 72.0
-20000 56.0
-10000 72.0
0 76.0
10000 80.0
20000 80.0
30000 76.0
40000 76.0
50000 68.0
60000 72.0
70000 60.0
80000 76.0
90000 80.0
100000 72.0
110000 92.0
120000 48.0
130000 68.0
140000 72.0
150000 76.0
160000 72.0
170000 76.0
180000 68.0
190000 88.0
200000 80.0
210000 80.0
220000 84.0
230000 56.0
240000 88.0
250000 88.0
260000 84.0
270000 64.0
280000 68.0
290000 84.0
300000 80.0
310000 84.0
320000 84.0
330000 84.0
340000 68.0
350000 72.0
360000 84.0
370000 64.0
380000 72.0
390000 72.0
400000 72.0
410000 76.0
420000 84.0
430000 88.0
440000 76.0
450000 72.0
460000 72.0
470000 72.0
480000 88.0
490000 80.0
500000 84.0
510000 64.0
520000 84.0
530000 72.0
540000 68.0
550000 84.0
560000 60.0
570000 80.0
580000 76.0
590000 84.0
600000 84.0
610000 72.0
620000 76.0
630000 84.0
640000 76.0
650000 76.0
660000 68.0
670000 76.0
680000 84.0
690000 68.0
700000 84.0
710000 72.0
720000 68.0
730000 72.0
740000 72.0
750000 76.0
760000 72.0
770000 80.0
780000 72.0
790000 68.0
800000 76.0
810000 84.0
820000 68.0
830000 88.0
840000 76.0
850000 68.0
860000 68.0
870000 64.0
880000 72.0
890000 76.0
900000 88.0
910000 60.0
920000 88.0
930000 72.0
940000 68.0
950000 80.0
960000 80.0
970000 80.0
980000 64.0
990000 84.0
1000000 56.0
