-990000 0.0
-980000 0.0
-970000 0.0
-960000 0.0
-950000 4.0
-940000 8.0
-930000 52.0
-920000 44.0
-910000 72.0
-900000 56.0
-890000 32.0
-880000 84.0
-870000 60.0
-860000 56.0
-850000 44.0
-840000 76.0
-830000 60.0
-820000 56.0
-810000 32.0
-800000 84.0
-790000 68.0
-780000 72.0
-770000 72.0
-760000 56.0
-750000 84.0
-740000 52.0
-730000 84.0
-720000 96.0
-710000 76.0
-700000 72.0
-690000 80.0
-680000 60.0
-670000 68.0
-660000 88.0
-650000 96.0
-640000 84.0
-630000 68.0
-620000 68.0
-610000 92.0
-600000 72.0
-590000 84.0
-580000 92.0
-570000 80.0
-560000 76.0
-550000 72.0
-540000 76.0
-530000 88.0
-520000 96.0
-510000 92.0
-500000 92.0
-490000 92.0
-480000 84.0
-470000 88.0
-460000 96.0
-450000 80.0
-440000 92.0
-430000 92.0
-420000 96.0
-410000 80.0
-400000 84.0
-390000 92.0
-380000 92.0
-370000 88.0
-360000 88.0
-350000 92.0
-340000 92.0
-330000 72.0
-320000 84.0
-310000 80.0
-300000 72.0
-290000 92.0
-280000 84.0
-270000 96.0
-260000 92.0
-250000 92.0
-240000 96.0
-230000 80.0
-220000 96.0
-210000 84.0
-200000 84.0
-190000 100.0
-180000 92.0
-170000 92.0
-160000 96.0
-150000 88.0
-140000 92.0
-130000 96.0
-120000 92.0
-110000 88.0
-100000 84.0
-90000 84.0
-80000 88.0
-70000 92.0
-60000 96.0
-50000 96.0
-40000 88.0
-30000 92.0
-20000 96.0
-10000 100.0
0 88.0
10000 92.0
20000 96.0
30000 72.0
40000 76.0
50000 92.0
60000 72.0
70000 72.0
80000 80.0
90000 64.0
100000 64.0
110000 52.0
120000 40.0
130000 56.0
140000 56.0
150000 76.0
160000 52.0
170000 60.0
180000 72.0
190000 64.0
200000 52.0
210000 56.0
220000 64.0
230000 68.0
240000 56.0
250000 40.0
260000 60.0
270000 48.0
280000 60.0
290000 88.0
300000 68.0
310000 60.0
320000 84.0
330000 48.0
340000 80.0
350000 68.0
360000 76.0
370000 80.0
380000 84.0
390000 88.0
400000 88.0
410000 68.0
420000 88.0
430000 92.0
440000 92.0
450000 84.0
460000 84.0
470000 76.0
480000 52.0
490000 80.0
500000 88.0
510000 40.0
520000 40.0
530000 52.0
540000 28.0
550000 24.0
560000 12.0
570000 28.0
580000 36.0
590000 20.0
600000 4.0
610000 28.0
620000 44.0
630000 64.0
640000 32.0
650000 64.0
660000 60.0
670000 56.0
680000 76.0
690000 68.0
700000 92.0
710000 76.0
720000 88.0
730000 92.0
740000 88.0
750000 92.0
760000 68.0
770000 96.0
780000 100.0
790000 92.0
800000 96.0
810000 92.0
820000 96.0
830000 96.0
840000 88.0
850000 100.0
860000 100.0
870000 100.0
880000 96.0
890000 100.0
900000 100.0
910000 96.0
920000 100.0
930000 96.0
940000 96.0
950000 96.0
960000 96.0
970000 100.0
980000 100.0
990000 96.0
1000000 96.0
