-990000 0.0
-980000 32.0
-970000 40.0
-960000 64.0
-950000 56.0
-940000 44.0
-930000 80.0
-920000 64.0
-910000 88.0
-900000 76.0
-890000 60.0
-880000 56.0
-870000 76.0
-860000 48.0
-850000 56.0
-840000 64.0
-830000 72.0
-820000 60.0
-810000 40.0
-800000 48.0
-790000 68.0
-780000 64.0
-770000 72.0
-760000 72.0
-750000 64.0
-740000 44.0
-730000 64.0
-720000 72.0
-710000 56.0
-700000 52.0
-690000 56.0
-680000 52.0
-670000 64.0
-660000 56.0
-650000 72.0
-640000 72.0
-630000 64.0
-620000 40.0
-610000 56.0
-600000 56.0
-590000 68.0
-580000 60.0
-570000 56.0
-560000 64.0
-550000 52.0
-540000 48.0
-530000 56.0
-520000 44.0
-510000 68.0
-500000 56.0
-490000 64.0
-480000 52.0
-470000 72.0
-460000 80.0
-450000 72.0
-440000 40.0
-430000 56.0
-420000 48.0
-410000 64.0
-400000 52.0
-390000 60.0
-380000 48.0
-370000 56.0
-360000 76.0
-350000 72.0
-340000 60.0
-330000 64.0
-320000 60.0
-310000 64.0
-300000 68.0
-290000 68.0
-280000 72.0
-270000 68.0
-260000 64.0
-250000 72.0
-240000 60.0
-230000 72.0
-220000 84.0
-210000 48.0
-200000 60.0
-190000 68.0
-180000 52.0
-170000 52.0
-160000 60.0
-150000 44.0
-140000 44.0
-130000 52.0
-120000 52.0
-110000 56.0
-100000 72.0
-90000 52.0
-80000 68.0
-70000 60.0
-60000 68.0
-50000 56.0
-40000 64.0
-30000 68.0
-20000 52.0
-10000 76.0
0 68.0
10000 48.0
20000 48.0
30000 56.0
40000 72.0
50000 48.0
60000 84.0
70000 60.0
80000 52.0
90000 40.0
100000 68.0
110000 84.0
120000 64.0
130000 68.0
140000 60.0
150000 68.0
160000 44.0
170000 60.0
180000 40.0
190000 72.0
200000 52.0
210000 72.0
220000 52.0
230000 56.0
240000 72.0
250000 76.0
260000 80.0
270000 68.0
280000 68.0
290000 84.0
300000 76.0
310000 72.0
320000 72.0
330000 60.0
340000 56.0
350000 60.0
360000 56.0
370000 60.0
380000 72.0
390000 72.0
400000 52.0
410000 56.0
420000 60.0
430000 60.0
440000 48.0
450000 72.0
460000 60.0
470000 72.0
480000 76.0
490000 64.0
500000 60.0
510000 60.0
520000 52.0
530000 72.0
540000 80.0
550000 60.0
560000 80.0
570000 64.0
580000 64.0
590000 64.0
600000 64.0
610000 88.0
620000 80.0
630000 72.0
640000 68.0
650000 80.0
660000 68.0
670000 52.0
680000 80.0
690000 48.0
700000 52.0
710000 68.0
720000 68.0
730000 60.0
740000 72.0
750000 72.0
760000 56.0
770000 68.0
780000 68.0
790000 68.0
800000 68.0
810000 68.0
820000 76.0
830000 52.0
840000 52.0
850000 56.0
860000 76.0
870000 48.0
880000 60.0
890000 60.0
900000 64.0
910000 76.0
920000 64.0
930000 68.0
940000 56.0
950000 72.0
960000 72.0
970000 52.0
980000 56.0
990000 60.0
1000000 40.0
