-990000 0.0
-980000 0.0
-970000 4.0
-960000 16.0
-950000 16.0
-940000 56.0
-930000 68.0
-920000 48.0
-910000 40.0
-900000 44.0
-890000 52.0
-880000 60.0
-870000 44.0
-860000 64.0
-850000 72.0
-840000 36.0
-830000 68.0
-820000 44.0
-810000 56.0
-800000 60.0
-790000 60.0
-780000 72.0
-770000 60.0
-760000 60.0
-750000 64.0
-740000 88.0
-730000 60.0
-720000 80.0
-710000 92.0
-700000 80.0
-690000 80.0
-680000 88.0
-670000 84.0
-660000 48.0
-650000 80.0
-640000 76.0
-630000 92.0
-620000 88.0
-610000 76.0
-600000 76.0
-590000 92.0
-580000 76.0
-570000 92.0
-560000 76.0
-550000 76.0
-540000 80.0
-530000 84.0
-520000 64.0
-510000 100.0
-500000 72.0
-490000 88.0
-480000 80.0
-470000 88.0
-460000 84.0
-450000 88.0
-440000 100.0
-430000 88.0
-420000 80.0
-410000 84.0
-400000 84.0
-390000 92.0
-380000 84.0
-370000 80.0
-360000 88.0
-350000 88.0
-340000 92.0
-330000 84.0
-320000 96.0
-310000 96.0
-300000 88.0
-290000 96.0
-280000 88.0
-270000 84.0
-260000 84.0
-250000 84.0
-240000 84.0
-230000 84.0
-220000 88.0
-210000 80.0
-200000 88.0
-190000 72.0
-180000 92.0
-170000 88.0
-160000 84.0
-150000 84.0
-140000 76.0
-130000 92.0
-120000 96.0
-110000 92.0
-100000 92.0
-90000 100.0
-80000 76.0
-70000 72.0
-60000 100.0
-50000 80.0
-40000 96.0
-30000 92.0
-20000 88.0
-10000 84.0
0 92.0
10000 84.0
20000 84.0
30000 76.0
40000 80.0
50000 84.0
60000 32.0
70000 44.0
80000 48.0
90000 52.0
100000 24.0
110000 48.0
120000 64.0
130000 44.0
140000 48.0
150000 32.0
160000 64.0
170000 36.0
180000 60.0
190000 52.0
200000 56.0
210000 44.0
220000 32.0
230000 40.0
240000 60.0
250000 60.0
260000 52.0
270000 60.0
280000 76.0
290000 68.0
300000 72.0
310000 60.0
320000 76.0
330000 72.0
340000 92.0
350000 68.0
360000 64.0
370000 48.0
380000 40.0
390000 76.0
400000 8.0
410000 12.0
420000 16.0
430000 52.0
440000 12.0
450000 4.0
460000 20.0
470000 12.0
480000 4.0
490000 44.0
500000 20.0
510000 48.0
520000 64.0
530000 28.0
540000 40.0
550000 56.0
560000 64.0
570000 56.0
580000 44.0
590000 84.0
600000 44.0
610000 84.0
620000 56.0
630000 60.0
640000 60.0
650000 64.0
660000 76.0
670000 60.0
680000 64.0
690000 36.0
700000 68.0
710000 72.0
720000 56.0
730000 52.0
740000 84.0
750000 60.0
760000 92.0
770000 84.0
780000 76.0
790000 96.0
800000 96.0
810000 60.0
820000 96.0
830000 100.0
840000 96.0
850000 96.0
860000 100.0
870000 92.0
880000 96.0
890000 100.0
900000 100.0
910000 96.0
920000 92.0
930000 100.0
940000 100.0
950000 100.0
960000 96.0
970000 96.0
980000 96.0
990000 100.0
1000000 100.0
