-990000 0.0
-980000 0.0
-970000 4.0
-960000 32.0
-950000 60.0
-940000 56.0
-930000 92.0
-920000 52.0
-910000 60.0
-900000 76.0
-890000 64.0
-880000 64.0
-870000 88.0
-860000 76.0
-850000 80.0
-840000 76.0
-830000 84.0
-820000 84.0
-810000 88.0
-800000 88.0
-790000 84.0
-780000 76.0
-770000 80.0
-760000 84.0
-750000 80.0
-740000 68.0
-730000 80.0
-720000 72.0
-710000 72.0
-700000 84.0
-690000 84.0
-680000 72.0
-670000 88.0
-660000 80.0
-650000 64.0
-640000 88.0
-630000 84.0
-620000 72.0
-610000 88.0
-600000 76.0
-590000 92.0
-580000 92.0
-570000 72.0
-560000 80.0
-550000 68.0
-540000 72.0
-530000 88.0
-520000 80.0
-510000 76.0
-500000 76.0
-490000 64.0
-480000 68.0
-470000 80.0
-460000 88.0
-450000 80.0
-440000 80.0
-430000 76.0
-420000 84.0
-410000 92.0
-400000 72.0
-390000 84.0
-380000 80.0
-370000 80.0
-360000 96.0
-350000 84.0
-340000 84.0
-330000 80.0
-320000 72.0
-310000 80.0
-300000 84.0
-290000 92.0
-280000 80.0
-270000 92.0
-260000 64.0
-250000 84.0
-240000 68.0
-230000 88.0
-220000 76.0
-210000 60.0
-200000 68.0
-190000 88.0
-180000 80.0
-170000 64.0
-160000 72.0
-150000 80.0
-140000 72.0
-130000 76.0
-120000 76.0
-110000 84.0
-100000 80.0
-90000 76.0
-80000 68.0
-70000 84.0
-60000 76.0
-50000 68.0
-40000 84.0
-30000 76.0
-20000 84.0
-10000 72.0
0 80.0
10000 84.0
20000 84.0
30000 92.0
40000 72.0
50000 88.0
60000 88.0
70000 100.0
80000 84.0
90000 80.0
100000 84.0
110000 92.0
120000 96.0
130000 88.0
140000 84.0
150000 96.0
160000 84.0
170000 80.0
180000 92.0
190000 88.0
200000 84.0
210000 92.0
220000 96.0
230000 84.0
240000 84.0
250000 96.0
260000 96.0
270000 76.0
280000 92.0
290000 92.0
300000 84.0
310000 96.0
320000 84.0
330000 84.0
340000 84.0
350000 88.0
360000 88.0
370000 92.0
380000 84.0
390000 92.0
400000 96.0
410000 88.0
420000 96.0
430000 92.0
440000 92.0
450000 100.0
460000 92.0
470000 96.0
480000 100.0
490000 92.0
500000 92.0
510000 88.0
520000 96.0
530000 92.0
540000 80.0
550000 92.0
560000 92.0
570000 88.0
580000 96.0
590000 92.0
600000 100.0
610000 100.0
620000 88.0
630000 96.0
640000 88.0
650000 92.0
660000 100.0
670000 100.0
680000 88.0
690000 88.0
700000 88.0
710000 80.0
720000 92.0
730000 96.0
740000 88.0
750000 92.0
760000 96.0
770000 96.0
780000 96.0
790000 96.0
800000 100.0
810000 96.0
820000 100.0
830000 96.0
840000 100.0
850000 88.0
860000 96.0
870000 96.0
880000 96.0
890000 92.0
900000 100.0
910000 92.0
920000 100.0
930000 92.0
940000 100.0
950000 96.0
960000 100.0
970000 80.0
980000 100.0
990000 100.0
1000000 96.0
