-990000 0.0
-980000 4.0
-970000 8.0
-960000 12.0
-950000 48.0
-940000 60.0
-930000 80.0
-920000 64.0
-910000 84.0
-900000 80.0
-890000 92.0
-880000 96.0
-870000 60.0
-860000 84.0
-850000 76.0
-840000 92.0
-830000 68.0
-820000 76.0
-810000 68.0
-800000 96.0
-790000 84.0
-780000 84.0
-770000 88.0
-760000 80.0
-750000 68.0
-740000 84.0
-730000 76.0
-720000 84.0
-710000 88.0
-700000 64.0
-690000 64.0
-680000 84.0
-670000 80.0
-660000 88.0
-650000 76.0
-640000 72.0
-630000 76.0
-620000 80.0
-610000 80.0
-600000 80.0
-590000 92.0
-580000 84.0
-570000 68.0
-560000 72.0
-550000 84.0
-540000 88.0
-530000 88.0
-520000 88.0
-510000 80.0
-500000 76.0
-490000 76.0
-480000 80.0
-470000 84.0
-460000 84.0
-450000 92.0
-440000 72.0
-430000 80.0
-420000 84.0
-410000 68.0
-400000 84.0
-390000 80.0
-380000 88.0
-370000 84.0
-360000 84.0
-350000 84.0
-340000 76.0
-330000 80.0
-320000 64.0
-310000 84.0
-300000 88.0
-290000 52.0
-280000 84.0
-270000 88.0
-260000 76.0
-250000 80.0
-240000 64.0
-230000 84.0
-220000 88.0
-210000 100.0
-200000 88.0
-190000 76.0
-180000 72.0
-170000 72.0
-160000 88.0
-150000 76.0
-140000 88.0
-130000 76.0
-120000 72.0
-110000 80.0
-100000 76.0
-90000 92.0
-80000 72.0
-70000 80.0
-60000 76.0
-50000 88.0
-40000 88.0
-30000 80.0
-20000 80.0
-10000 84.0
0 76.0
10000 92.0
20000 88.0
30000 72.0
40000 88.0
50000 72.0
60000 76.0
70000 68.0
80000 80.0
90000 76.0
100000 72.0
110000 88.0
120000 84.0
130000 92.0
140000 92.0
150000 88.0
160000 84.0
170000 88.0
180000 88.0
190000 92.0
200000 96.0
210000 96.0
220000 84.0
230000 84.0
240000 84.0
250000 88.0
260000 80.0
270000 80.0
280000 84.0
290000 76.0
300000 84.0
310000 80.0
320000 88.0
330000 84.0
340000 92.0
350000 88.0
360000 92.0
370000 96.0
380000 80.0
390000 88.0
400000 88.0
410000 80.0
420000 84.0
430000 92.0
440000 96.0
450000 100.0
460000 92.0
470000 80.0
480000 88.0
490000 84.0
500000 88.0
510000 96.0
520000 96.0
530000 84.0
540000 88.0
550000 100.0
560000 100.0
570000 92.0
580000 96.0
590000 100.0
600000 96.0
610000 100.0
620000 84.0
630000 88.0
640000 88.0
650000 96.0
660000 92.0
670000 80.0
680000 92.0
690000 92.0
700000 92.0
710000 100.0
720000 100.0
730000 92.0
740000 92.0
750000 84.0
760000 96.0
770000 96.0
780000 96.0
790000 96.0
800000 96.0
810000 88.0
820000 92.0
830000 100.0
840000 96.0
850000 96.0
860000 96.0
870000 96.0
880000 88.0
890000 100.0
900000 92.0
910000 84.0
920000 100.0
930000 92.0
940000 88.0
950000 96.0
960000 88.0
970000 92.0
980000 100.0
990000 96.0
1000000 96.0
