-990000 0.0
-980000 12.0
-970000 36.0
-960000 44.0
-950000 48.0
-940000 64.0
-930000 76.0
-920000 52.0
-910000 64.0
-900000 64.0
-890000 68.0
-880000 76.0
-870000 68.0
-860000 76.0
-850000 72.0
-840000 80.0
-830000 68.0
-820000 68.0
-810000 64.0
-800000 60.0
-790000 80.0
-780000 76.0
-770000 64.0
-760000 68.0
-750000 64.0
-740000 72.0
-730000 64.0
-720000 76.0
-710000 84.0
-700000 76.0
-690000 72.0
-680000 76.0
-670000 68.0
-660000 68.0
-650000 76.0
-640000 88.0
-630000 68.0
-620000 68.0
-610000 72.0
-600000 52.0
-590000 72.0
-580000 72.0
-570000 76.0
-560000 60.0
-550000 64.0
-540000 84.0
-530000 76.0
-520000 64.0
-510000 72.0
-500000 64.0
-490000 80.0
-480000 60.0
-470000 64.0
-460000 76.0
-450000 64.0
-440000 76.0
-430000 60.0
-420000 76.0
-410000 84.0
-400000 76.0
-390000 88.0
-380000 56.0
-370000 68.0
-360000 76.0
-350000 68.0
-340000 76.0
-330000 68.0
-320000 92.0
-310000 80.0
-300000 64.0
-290000 76.0
-280000 76.0
-270000 64.0
-260000 56.0
-250000 72.0
-240000 64.0
-230000 56.0
-220000 84.0
-210000 84.0
-200000 64.0
-190000 68.0
-180000 80.0
-170000 80.0
-160000 76.0
-150000 80.0
-140000 80.0
-130000 80.0
-120000 80.0
-110000 56.0
-100000 72.0
-90000 60.0
-80000 80.0
-70000 72.0
-60000 68.0
-50000 72.0
-40000 76.0
-30000 64.0
-20000 64.0
-10000 68.0
0 68.0
10000 84.0
20000 72.0
30000 68.0
40000 64.0
50000 72.0
60000 72.0
70000 68.0
80000 92.0
90000 80.0
100000 72.0
110000 92.0
120000 68.0
130000 60.0
140000 68.0
150000 72.0
160000 76.0
170000 84.0
180000 68.0
190000 64.0
200000 76.0
210000 72.0
220000 84.0
230000 84.0
240000 80.0
250000 64.0
260000 84.0
270000 72.0
280000 72.0
290000 84.0
300000 84.0
310000 64.0
320000 88.0
330000 76.0
340000 84.0
350000 68.0
360000 96.0
370000 72.0
380000 80.0
390000 72.0
400000 72.0
410000 64.0
420000 84.0
430000 72.0
440000 76.0
450000 72.0
460000 64.0
470000 80.0
480000 80.0
490000 64.0
500000 76.0
510000 68.0
520000 68.0
530000 88.0
540000 84.0
550000 88.0
560000 68.0
570000 84.0
580000 76.0
590000 68.0
600000 56.0
610000 80.0
620000 72.0
630000 76.0
640000 80.0
650000 72.0
660000 80.0
670000 88.0
680000 84.0
690000 72.0
700000 80.0
710000 68.0
720000 68.0
730000 92.0
740000 60.0
750000 68.0
760000 80.0
770000 84.0
780000 60.0
790000 68.0
800000 72.0
810000 68.0
820000 60.0
830000 64.0
840000 56.0
850000 88.0
860000 60.0
870000 64.0
880000 72.0
890000 72.0
900000 84.0
910000 76.0
920000 68.0
930000 76.0
940000 72.0
950000 84.0
960000 88.0
970000 80.0
980000 72.0
990000 68.0
1000000 76.0
