-990000 0.0
-980000 52.0
-970000 64.0
-960000 52.0
-950000 36.0
-940000 88.0
-930000 64.0
-920000 60.0
-910000 68.0
-900000 64.0
-890000 68.0
-880000 56.0
-870000 64.0
-860000 72.0
-850000 76.0
-840000 60.0
-830000 72.0
-820000 52.0
-810000 64.0
-800000 60.0
-790000 60.0
-780000 56.0
-770000 48.0
-760000 60.0
-750000 60.0
-740000 68.0
-730000 68.0
-720000 52.0
-710000 60.0
-700000 56.0
-690000 64.0
-680000 68.0
-670000 56.0
-660000 68.0
-650000 80.0
-640000 56.0
-630000 48.0
-620000 56.0
-610000 68.0
-600000 76.0
-590000 68.0
-580000 68.0
-570000 68.0
-560000 76.0
-550000 60.0
-540000 68.0
-530000 68.0
-520000 64.0
-510000 64.0
-500000 64.0
-490000 48.0
-480000 64.0
-470000 64.0
-460000 60.0
-450000 52.0
-440000 52.0
-430000 44.0
-420000 64.0
-410000 52.0
-400000 64.0
-390000 52.0
-380000 84.0
-370000 64.0
-360000 64.0
-350000 44.0
-340000 56.0
-330000 68.0
-320000 76.0
-310000 52.0
-300000 60.0
-290000 48.0
-280000 52.0
-270000 48.0
-260000 52.0
-250000 48.0
-240000 56.0
-230000 68.0
-220000 68.0
-210000 60.0
-200000 64.0
-190000 68.0
-180000 60.0
-170000 48.0
-160000 52.0
-150000 40.0
-140000 60.0
-130000 60.0
-120000 52.0
-110000 56.0
-100000 52.0
-90000 56.0
-80000 60.0
-70000 56.0
-60000 60.0
-50000 72.0
-40000 44.0
-30000 60.0
-20000 68.0
-10000 64.0
0 44.0
10000 52.0
20000 72.0
30000 60.0
40000 56.0
50000 60.0
60000 64.0
70000 52.0
80000 56.0
90000 60.0
100000 68.0
110000 48.0
120000 76.0
130000 56.0
140000 44.0
150000 76.0
160000 52.0
170000 60.0
180000 60.0
190000 44.0
200000 64.0
210000 68.0
220000 56.0
230000 72.0
240000 40.0
250000 80.0
260000 68.0
270000 60.0
280000 44.0
290000 64.0
300000 72.0
310000 64.0
320000 64.0
330000 60.0
340000 56.0
350000 44.0
360000 64.0
370000 64.0
380000 72.0
390000 76.0
400000 60.0
410000 36.0
420000 52.0
430000 56.0
440000 40.0
450000 60.0
460000 44.0
470000 72.0
480000 52.0
490000 56.0
500000 56.0
510000 72.0
520000 60.0
530000 68.0
540000 48.0
550000 56.0
560000 68.0
570000 56.0
580000 60.0
590000 48.0
600000 80.0
610000 56.0
620000 44.0
630000 60.0
640000 52.0
650000 64.0
660000 60.0
670000 72.0
680000 72.0
690000 68.0
700000 48.0
710000 60.0
720000 72.0
730000 52.0
740000 56.0
750000 52.0
760000 52.0
770000 60.0
780000 64.0
790000 72.0
800000 76.0
810000 72.0
820000 72.0
830000 68.0
840000 64.0
850000 48.0
860000 64.0
870000 80.0
880000 64.0
890000 56.0
900000 52.0
910000 80.0
920000 56.0
930000 48.0
940000 68.0
950000 76.0
960000 68.0
970000 76.0
980000 64.0
990000 72.0
1000000 56.0
