-990000 0.0
-980000 4.0
-970000 48.0
-960000 44.0
-950000 56.0
-940000 68.0
-930000 52.0
-920000 52.0
-910000 72.0
-900000 52.0
-890000 48.0
-880000 52.0
-870000 64.0
-860000 48.0
-850000 56.0
-840000 64.0
-830000 52.0
-820000 40.0
-810000 64.0
-800000 48.0
-790000 48.0
-780000 52.0
-770000 40.0
-760000 44.0
-750000 40.0
-740000 60.0
-730000 40.0
-720000 40.0
-710000 48.0
-700000 76.0
-690000 44.0
-680000 56.0
-670000 52.0
-660000 52.0
-650000 48.0
-640000 64.0
-630000 32.0
-620000 44.0
-610000 56.0
-600000 64.0
-590000 48.0
-580000 56.0
-570000 52.0
-560000 68.0
-550000 52.0
-540000 64.0
-530000 48.0
-520000 40.0
-510000 52.0
-500000 68.0
-490000 52.0
-480000 36.0
-470000 40.0
-460000 64.0
-450000 36.0
-440000 40.0
-430000 56.0
-420000 60.0
-410000 24.0
-400000 60.0
-390000 44.0
-380000 48.0
-370000 52.0
-360000 68.0
-350000 40.0
-340000 52.0
-330000 52.0
-320000 68.0
-310000 52.0
-300000 44.0
-290000 24.0
-280000 52.0
-270000 40.0
-260000 56.0
-250000 44.0
-240000 64.0
-230000 56.0
-220000 48.0
-210000 40.0
-200000 40.0
-190000 52.0
-180000 60.0
-170000 64.0
-160000 56.0
-150000 56.0
-140000 48.0
-130000 60.0
-120000 56.0
-110000 60.0
-100000 40.0
-90000 52.0
-80000 56.0
-70000 52.0
-60000 36.0
-50000 44.0
-40000 48.0
-30000 48.0
-20000 48.0
-10000 40.0
0 56.0
10000 72.0
20000 44.0
30000 56.0
40000 68.0
50000 44.0
60000 68.0
70000 56.0
80000 36.0
90000 52.0
100000 68.0
110000 72.0
120000 40.0
130000 36.0
140000 52.0
150000 52.0
160000 60.0
170000 76.0
180000 60.0
190000 56.0
200000 52.0
210000 52.0
220000 56.0
230000 52.0
240000 64.0
250000 52.0
260000 36.0
270000 52.0
280000 36.0
290000 44.0
300000 56.0
310000 52.0
320000 60.0
330000 52.0
340000 52.0
350000 40.0
360000 64.0
370000 44.0
380000 40.0
390000 52.0
400000 60.0
410000 52.0
420000 60.0
430000 68.0
440000 32.0
450000 60.0
460000 60.0
470000 44.0
480000 48.0
490000 56.0
500000 56.0
510000 44.0
520000 48.0
530000 48.0
540000 52.0
550000 60.0
560000 40.0
570000 52.0
580000 40.0
590000 44.0
600000 32.0
610000 48.0
620000 48.0
630000 48.0
640000 60.0
650000 56.0
660000 40.0
670000 32.0
680000 44.0
690000 28.0
700000 52.0
710000 52.0
720000 52.0
730000 56.0
740000 32.0
750000 48.0
760000 44.0
770000 60.0
780000 48.0
790000 72.0
800000 32.0
810000 56.0
820000 48.0
830000 64.0
840000 48.0
850000 56.0
860000 44.0
870000 48.0
880000 44.0
890000 40.0
900000 60.0
910000 48.0
920000 48.0
930000 28.0
940000 48.0
950000 36.0
960000 56.0
970000 56.0
980000 48.0
990000 36.0
1000000 60.0
