-990000 0.0
-980000 0.0
-970000 0.0
-960000 4.0
-950000 48.0
-940000 52.0
-930000 56.0
-920000 68.0
-910000 88.0
-900000 72.0
-890000 64.0
-880000 76.0
-870000 68.0
-860000 72.0
-850000 60.0
-840000 92.0
-830000 84.0
-820000 84.0
-810000 88.0
-800000 80.0
-790000 76.0
-780000 92.0
-770000 92.0
-760000 92.0
-750000 92.0
-740000 80.0
-730000 88.0
-720000 88.0
-710000 92.0
-700000 84.0
-690000 80.0
-680000 84.0
-670000 72.0
-660000 92.0
-650000 84.0
-640000 76.0
-630000 88.0
-620000 76.0
-610000 84.0
-600000 84.0
-590000 92.0
-580000 84.0
-570000 96.0
-560000 92.0
-550000 80.0
-540000 80.0
-530000 100.0
-520000 100.0
-510000 84.0
-500000 84.0
-490000 80.0
-480000 68.0
-470000 80.0
-460000 88.0
-450000 80.0
-440000 92.0
-430000 80.0
-420000 92.0
-410000 76.0
-400000 88.0
-390000 76.0
-380000 64.0
-370000 88.0
-360000 96.0
-350000 80.0
-340000 76.0
-330000 84.0
-320000 84.0
-310000 88.0
-300000 80.0
-290000 88.0
-280000 80.0
-270000 80.0
-260000 84.0
-250000 84.0
-240000 76.0
-230000 92.0
-220000 72.0
-210000 72.0
-200000 84.0
-190000 88.0
-180000 76.0
-170000 80.0
-160000 80.0
-150000 84.0
-140000 80.0
-130000 84.0
-120000 96.0
-110000 76.0
-100000 68.0
-90000 68.0
-80000 76.0
-70000 80.0
-60000 72.0
-50000 84.0
-40000 88.0
-30000 80.0
-20000 76.0
-10000 88.0
0 92.0
10000 92.0
20000 84.0
30000 80.0
40000 80.0
50000 72.0
60000 76.0
70000 92.0
80000 92.0
90000 96.0
100000 84.0
110000 88.0
120000 92.0
130000 92.0
140000 92.0
150000 84.0
160000 72.0
170000 84.0
180000 92.0
190000 80.0
200000 88.0
210000 96.0
220000 96.0
230000 88.0
240000 76.0
250000 96.0
260000 80.0
270000 84.0
280000 84.0
290000 88.0
300000 80.0
310000 80.0
320000 80.0
330000 92.0
340000 92.0
350000 96.0
360000 92.0
370000 92.0
380000 100.0
390000 80.0
400000 96.0
410000 84.0
420000 92.0
430000 88.0
440000 84.0
450000 92.0
460000 92.0
470000 88.0
480000 84.0
490000 88.0
500000 80.0
510000 96.0
520000 80.0
530000 96.0
540000 96.0
550000 88.0
560000 100.0
570000 76.0
580000 84.0
590000 88.0
600000 88.0
610000 88.0
620000 84.0
630000 76.0
640000 84.0
650000 92.0
660000 84.0
670000 92.0
680000 92.0
690000 92.0
700000 88.0
710000 92.0
720000 96.0
730000 88.0
740000 88.0
750000 84.0
760000 92.0
770000 84.0
780000 100.0
790000 96.0
800000 96.0
810000 88.0
820000 96.0
830000 92.0
840000 84.0
850000 96.0
860000 100.0
870000 92.0
880000 88.0
890000 88.0
900000 96.0
910000 88.0
920000 92.0
930000 80.0
940000 96.0
950000 92.0
960000 96.0
970000 88.0
980000 92.0
990000 84.0
1000000 92.0
