-990000 0.0
-980000 28.0
-970000 32.0
-960000 60.0
-950000 80.0
-940000 56.0
-930000 52.0
-920000 68.0
-910000 60.0
-900000 64.0
-890000 36.0
-880000 56.0
-870000 72.0
-860000 64.0
-850000 52.0
-840000 56.0
-830000 68.0
-820000 64.0
-810000 80.0
-800000 56.0
-790000 44.0
-780000 48.0
-770000 68.0
-760000 52.0
-750000 56.0
-740000 68.0
-730000 52.0
-720000 72.0
-710000 64.0
-700000 80.0
-690000 72.0
-680000 64.0
-670000 60.0
-660000 60.0
-650000 76.0
-640000 56.0
-630000 76.0
-620000 64.0
-610000 64.0
-600000 76.0
-590000 68.0
-580000 68.0
-570000 76.0
-560000 76.0
-550000 64.0
-540000 76.0
-530000 76.0
-520000 72.0
-510000 76.0
-500000 60.0
-490000 72.0
-480000 80.0
-470000 48.0
-460000 60.0
-450000 52.0
-440000 52.0
-430000 68.0
-420000 56.0
-410000 72.0
-400000 64.0
-390000 44.0
-380000 60.0
-370000 56.0
-360000 48.0
-350000 48.0
-340000 80.0
-330000 68.0
-320000 48.0
-310000 48.0
-300000 84.0
-290000 60.0
-280000 64.0
-270000 68.0
-260000 60.0
-250000 76.0
-240000 68.0
-230000 68.0
-220000 44.0
-210000 56.0
-200000 52.0
-190000 48.0
-180000 48.0
-170000 48.0
-160000 84.0
-150000 60.0
-140000 60.0
-130000 68.0
-120000 72.0
-110000 72.0
-100000 68.0
-90000 64.0
-80000 40.0
-70000 48.0
-60000 56.0
-50000 76.0
-40000 60.0
-30000 56.0
-20000 68.0
-10000 60.0
0 64.0
10000 68.0
20000 68.0
30000 72.0
40000 72.0
50000 76.0
60000 72.0
70000 68.0
80000 72.0
90000 76.0
100000 60.0
110000 60.0
120000 56.0
130000 68.0
140000 68.0
150000 84.0
160000 64.0
170000 76.0
180000 68.0
190000 72.0
200000 60.0
210000 72.0
220000 56.0
230000 56.0
240000 84.0
250000 64.0
260000 60.0
270000 68.0
280000 68.0
290000 64.0
300000 76.0
310000 84.0
320000 56.0
330000 68.0
340000 80.0
350000 60.0
360000 76.0
370000 60.0
380000 64.0
390000 64.0
400000 60.0
410000 68.0
420000 56.0
430000 64.0
440000 64.0
450000 56.0
460000 60.0
470000 60.0
480000 60.0
490000 72.0
500000 48.0
510000 76.0
520000 48.0
530000 56.0
540000 60.0
550000 84.0
560000 44.0
570000 44.0
580000 52.0
590000 64.0
600000 48.0
610000 72.0
620000 60.0
630000 72.0
640000 60.0
650000 72.0
660000 84.0
670000 64.0
680000 48.0
690000 60.0
700000 64.0
710000 64.0
720000 60.0
730000 68.0
740000 52.0
750000 64.0
760000 60.0
770000 52.0
780000 64.0
790000 56.0
800000 56.0
810000 68.0
820000 60.0
830000 76.0
840000 56.0
850000 72.0
860000 72.0
870000 52.0
880000 60.0
890000 72.0
900000 56.0
910000 56.0
920000 80.0
930000 68.0
940000 56.0
950000 48.0
960000 56.0
970000 68.0
980000 72.0
990000 52.0
1000000 64.0
