-990000 0.0
-980000 4.0
-970000 28.0
-960000 36.0
-950000 60.0
-940000 68.0
-930000 32.0
-920000 60.0
-910000 60.0
-900000 52.0
-890000 44.0
-880000 48.0
-870000 68.0
-860000 40.0
-850000 60.0
-840000 32.0
-830000 60.0
-820000 64.0
-810000 52.0
-800000 72.0
-790000 64.0
-780000 72.0
-770000 52.0
-760000 76.0
-750000 64.0
-740000 52.0
-730000 64.0
-720000 76.0
-710000 76.0
-700000 56.0
-690000 72.0
-680000 76.0
-670000 56.0
-660000 44.0
-650000 48.0
-640000 64.0
-630000 68.0
-620000 52.0
-610000 68.0
-600000 68.0
-590000 72.0
-580000 68.0
-570000 52.0
-560000 56.0
-550000 84.0
-540000 56.0
-530000 68.0
-520000 64.0
-510000 48.0
-500000 64.0
-490000 56.0
-480000 68.0
-470000 40.0
-460000 76.0
-450000 56.0
-440000 60.0
-430000 60.0
-420000 68.0
-410000 60.0
-400000 52.0
-390000 68.0
-380000 52.0
-370000 56.0
-360000 56.0
-350000 56.0
-340000 56.0
-330000 64.0
-320000 56.0
-310000 68.0
-300000 40.0
-290000 72.0
-280000 72.0
-270000 52.0
-260000 56.0
-250000 64.0
-240000 68.0
-230000 60.0
-220000 52.0
-210000 56.0
-200000 60.0
-190000 60.0
-180000 72.0
-170000 60.0
-160000 60.0
-150000 56.0
-140000 60.0
-130000 52.0
-120000 40.0
-110000 76.0
-100000 64.0
-90000 68.0
-80000 52.0
-70000 72.0
-60000 76.0
-50000 68.0
-40000 68.0
-30000 52.0
-20000 64.0
-10000 60.0
0 36.0
10000 52.0
20000 48.0
30000 68.0
40000 60.0
50000 56.0
60000 72.0
70000 56.0
80000 68.0
90000 72.0
100000 52.0
110000 76.0
120000 72.0
130000 64.0
140000 68.0
150000 60.0
160000 52.0
170000 56.0
180000 56.0
190000 52.0
200000 60.0
210000 72.0
220000 76.0
230000 76.0
240000 72.0
250000 64.0
260000 60.0
270000 72.0
280000 80.0
290000 64.0
300000 48.0
310000 92.0
320000 72.0
330000 64.0
340000 64.0
350000 56.0
360000 60.0
370000 64.0
380000 60.0
390000 60.0
400000 68.0
410000 60.0
420000 72.0
430000 60.0
440000 68.0
450000 52.0
460000 44.0
470000 76.0
480000 72.0
490000 64.0
500000 80.0
510000 64.0
520000 56.0
530000 76.0
540000 64.0
550000 64.0
560000 64.0
570000 48.0
580000 60.0
590000 64.0
600000 72.0
610000 76.0
620000 60.0
630000 52.0
640000 68.0
650000 88.0
660000 68.0
670000 72.0
680000 76.0
690000 36.0
700000 60.0
710000 56.0
720000 68.0
730000 64.0
740000 68.0
750000 68.0
760000 64.0
770000 72.0
780000 52.0
790000 60.0
800000 68.0
810000 76.0
820000 60.0
830000 76.0
840000 48.0
850000 68.0
860000 72.0
870000 72.0
880000 72.0
890000 72.0
900000 68.0
910000 68.0
920000 80.0
930000 84.0
940000 64.0
950000 36.0
960000 60.0
970000 68.0
980000 60.0
990000 52.0
1000000 64.0
