-990000 0.0
-980000 0.0
-970000 0.0
-960000 32.0
-950000 40.0
-940000 56.0
-930000 52.0
-920000 48.0
-910000 36.0
-900000 72.0
-890000 60.0
-880000 64.0
-870000 76.0
-860000 72.0
-850000 72.0
-840000 84.0
-830000 76.0
-820000 80.0
-810000 68.0
-800000 76.0
-790000 80.0
-780000 84.0
-770000 84.0
-760000 52.0
-750000 76.0
-740000 92.0
-730000 80.0
-720000 68.0
-710000 76.0
-700000 88.0
-690000 72.0
-680000 92.0
-670000 76.0
-660000 88.0
-650000 80.0
-640000 76.0
-630000 80.0
-620000 84.0
-610000 88.0
-600000 76.0
-590000 88.0
-580000 72.0
-570000 84.0
-560000 84.0
-550000 84.0
-540000 80.0
-530000 84.0
-520000 68.0
-510000 76.0
-500000 76.0
-490000 80.0
-480000 88.0
-470000 88.0
-460000 84.0
-450000 92.0
-440000 84.0
-430000 84.0
-420000 96.0
-410000 80.0
-400000 84.0
-390000 80.0
-380000 80.0
-370000 80.0
-360000 92.0
-350000 92.0
-340000 84.0
-330000 88.0
-320000 88.0
-310000 84.0
-300000 96.0
-290000 80.0
-280000 80.0
-270000 80.0
-260000 88.0
-250000 80.0
-240000 80.0
-230000 80.0
-220000 96.0
-210000 88.0
-200000 84.0
-190000 80.0
-180000 88.0
-170000 76.0
-160000 76.0
-150000 80.0
-140000 80.0
-130000 64.0
-120000 76.0
-110000 60.0
-100000 68.0
-90000 88.0
-80000 84.0
-70000 72.0
-60000 88.0
-50000 92.0
-40000 84.0
-30000 92.0
-20000 68.0
-10000 76.0
0 80.0
10000 72.0
20000 84.0
30000 88.0
40000 80.0
50000 88.0
60000 80.0
70000 80.0
80000 80.0
90000 88.0
100000 80.0
110000 80.0
120000 84.0
130000 84.0
140000 80.0
150000 72.0
160000 72.0
170000 84.0
180000 92.0
190000 76.0
200000 68.0
210000 92.0
220000 80.0
230000 76.0
240000 80.0
250000 88.0
260000 92.0
270000 84.0
280000 80.0
290000 80.0
300000 88.0
310000 92.0
320000 96.0
330000 88.0
340000 92.0
350000 88.0
360000 76.0
370000 96.0
380000 80.0
390000 76.0
400000 68.0
410000 100.0
420000 76.0
430000 84.0
440000 84.0
450000 80.0
460000 88.0
470000 100.0
480000 92.0
490000 72.0
500000 72.0
510000 92.0
520000 80.0
530000 100.0
540000 84.0
550000 80.0
560000 92.0
570000 92.0
580000 92.0
590000 88.0
600000 92.0
610000 92.0
620000 80.0
630000 88.0
640000 92.0
650000 88.0
660000 88.0
670000 84.0
680000 100.0
690000 92.0
700000 88.0
710000 88.0
720000 92.0
730000 96.0
740000 100.0
750000 100.0
760000 96.0
770000 96.0
780000 100.0
790000 92.0
800000 96.0
810000 92.0
820000 96.0
830000 92.0
840000 88.0
850000 100.0
860000 92.0
870000 92.0
880000 100.0
890000 92.0
900000 96.0
910000 88.0
920000 100.0
930000 100.0
940000 96.0
950000 96.0
960000 96.0
970000 88.0
980000 96.0
990000 96.0
1000000 100.0
