-990000 0.0
-980000 0.0
-970000 16.0
-960000 12.0
-950000 36.0
-940000 48.0
-930000 64.0
-920000 56.0
-910000 52.0
-900000 76.0
-890000 84.0
-880000 76.0
-870000 80.0
-860000 72.0
-850000 84.0
-840000 76.0
-830000 96.0
-820000 84.0
-810000 84.0
-800000 84.0
-790000 76.0
-780000 84.0
-770000 84.0
-760000 84.0
-750000 92.0
-740000 96.0
-730000 84.0
-720000 80.0
-710000 84.0
-700000 92.0
-690000 84.0
-680000 92.0
-670000 84.0
-660000 68.0
-650000 68.0
-640000 92.0
-630000 84.0
-620000 84.0
-610000 100.0
-600000 96.0
-590000 88.0
-580000 84.0
-570000 84.0
-560000 88.0
-550000 76.0
-540000 76.0
-530000 88.0
-520000 84.0
-510000 92.0
-500000 76.0
-490000 84.0
-480000 72.0
-470000 80.0
-460000 76.0
-450000 80.0
-440000 76.0
-430000 88.0
-420000 76.0
-410000 92.0
-400000 72.0
-390000 80.0
-380000 76.0
-370000 80.0
-360000 64.0
-350000 72.0
-340000 84.0
-330000 80.0
-320000 84.0
-310000 72.0
-300000 84.0
-290000 88.0
-280000 84.0
-270000 88.0
-260000 80.0
-250000 92.0
-240000 80.0
-230000 76.0
-220000 84.0
-210000 84.0
-200000 72.0
-190000 88.0
-180000 88.0
-170000 72.0
-160000 92.0
-150000 76.0
-140000 76.0
-130000 76.0
-120000 84.0
-110000 80.0
-100000 80.0
-90000 72.0
-80000 84.0
-70000 84.0
-60000 80.0
-50000 76.0
-40000 68.0
-30000 72.0
-20000 76.0
-10000 76.0
0 84.0
10000 60.0
20000 52.0
30000 56.0
40000 64.0
50000 76.0
60000 80.0
70000 60.0
80000 68.0
90000 80.0
100000 48.0
110000 64.0
120000 44.0
130000 64.0
140000 48.0
150000 64.0
160000 44.0
170000 60.0
180000 56.0
190000 36.0
200000 52.0
210000 48.0
220000 40.0
230000 44.0
240000 52.0
250000 56.0
260000 44.0
270000 52.0
280000 36.0
290000 28.0
300000 56.0
310000 52.0
320000 52.0
330000 24.0
340000 56.0
350000 56.0
360000 52.0
370000 20.0
380000 44.0
390000 24.0
400000 28.0
410000 28.0
420000 48.0
430000 44.0
440000 24.0
450000 40.0
460000 32.0
470000 52.0
480000 24.0
490000 48.0
500000 52.0
510000 52.0
520000 36.0
530000 60.0
540000 44.0
550000 60.0
560000 32.0
570000 48.0
580000 40.0
590000 64.0
600000 32.0
610000 32.0
620000 36.0
630000 44.0
640000 28.0
650000 32.0
660000 36.0
670000 20.0
680000 56.0
690000 36.0
700000 24.0
710000 44.0
720000 60.0
730000 48.0
740000 40.0
750000 40.0
760000 44.0
770000 44.0
780000 44.0
790000 44.0
800000 44.0
810000 52.0
820000 60.0
830000 56.0
840000 40.0
850000 20.0
860000 48.0
870000 52.0
880000 32.0
890000 44.0
900000 56.0
910000 24.0
920000 28.0
930000 44.0
940000 48.0
950000 68.0
960000 48.0
970000 40.0
980000 40.0
990000 28.0
1000000 40.0
