-990000 0.0
-980000 0.0
-970000 0.0
-960000 0.0
-950000 0.0
-940000 36.0
-930000 36.0
-920000 44.0
-910000 48.0
-900000 60.0
-890000 56.0
-880000 80.0
-870000 52.0
-860000 60.0
-850000 76.0
-840000 60.0
-830000 84.0
-820000 84.0
-810000 88.0
-800000 72.0
-790000 72.0
-780000 84.0
-770000 88.0
-760000 92.0
-750000 76.0
-740000 92.0
-730000 96.0
-720000 84.0
-710000 96.0
-700000 72.0
-690000 80.0
-680000 76.0
-670000 84.0
-660000 72.0
-650000 72.0
-640000 80.0
-630000 76.0
-620000 92.0
-610000 76.0
-600000 84.0
-590000 84.0
-580000 96.0
-570000 88.0
-560000 92.0
-550000 96.0
-540000 88.0
-530000 80.0
-520000 88.0
-510000 92.0
-500000 76.0
-490000 92.0
-480000 84.0
-470000 64.0
-460000 100.0
-450000 84.0
-440000 92.0
-430000 84.0
-420000 80.0
-410000 96.0
-400000 72.0
-390000 72.0
-380000 100.0
-370000 88.0
-360000 84.0
-350000 92.0
-340000 84.0
-330000 68.0
-320000 88.0
-310000 88.0
-300000 96.0
-290000 84.0
-280000 96.0
-270000 96.0
-260000 88.0
-250000 100.0
-240000 92.0
-230000 76.0
-220000 96.0
-210000 92.0
-200000 84.0
-190000 80.0
-180000 92.0
-170000 96.0
-160000 84.0
-150000 92.0
-140000 96.0
-130000 84.0
-120000 84.0
-110000 88.0
-100000 96.0
-90000 92.0
-80000 80.0
-70000 96.0
-60000 84.0
-50000 100.0
-40000 92.0
-30000 96.0
-20000 88.0
-10000 92.0
0 88.0
10000 92.0
20000 80.0
30000 88.0
40000 72.0
50000 56.0
60000 8.0
70000 44.0
80000 80.0
90000 56.0
100000 80.0
110000 64.0
120000 88.0
130000 92.0
140000 12.0
150000 0.0
160000 0.0
170000 4.0
180000 56.0
190000 4.0
200000 24.0
210000 12.0
220000 36.0
230000 28.0
240000 40.0
250000 0.0
260000 0.0
270000 44.0
280000 12.0
290000 52.0
300000 64.0
310000 36.0
320000 4.0
330000 20.0
340000 24.0
350000 48.0
360000 32.0
370000 52.0
380000 32.0
390000 72.0
400000 72.0
410000 12.0
420000 64.0
430000 8.0
440000 12.0
450000 76.0
460000 16.0
470000 28.0
480000 48.0
490000 84.0
500000 32.0
510000 36.0
520000 76.0
530000 4.0
540000 36.0
550000 80.0
560000 64.0
570000 64.0
580000 48.0
590000 68.0
600000 88.0
610000 36.0
620000 60.0
630000 36.0
640000 16.0
650000 64.0
660000 48.0
670000 44.0
680000 72.0
690000 52.0
700000 88.0
710000 32.0
720000 48.0
730000 68.0
740000 80.0
750000 24.0
760000 44.0
770000 92.0
780000 88.0
790000 88.0
800000 84.0
810000 0.0
820000 28.0
830000 0.0
840000 4.0
850000 0.0
860000 12.0
870000 24.0
880000 16.0
890000 44.0
900000 28.0
910000 16.0
920000 20.0
930000 8.0
940000 4.0
950000 12.0
960000 0.0
970000 4.0
980000 44.0
990000 24.0
1000000 32.0
