-990000 0.0
-980000 0.0
-970000 0.0
-960000 0.0
-950000 0.0
-940000 36.0
-930000 48.0
-920000 52.0
-910000 60.0
-900000 56.0
-890000 60.0
-880000 68.0
-870000 64.0
-860000 64.0
-850000 56.0
-840000 52.0
-830000 68.0
-820000 88.0
-810000 68.0
-800000 92.0
-790000 84.0
-780000 92.0
-770000 84.0
-760000 72.0
-750000 88.0
-740000 88.0
-730000 80.0
-720000 84.0
-710000 92.0
-700000 76.0
-690000 64.0
-680000 76.0
-670000 92.0
-660000 96.0
-650000 72.0
-640000 88.0
-630000 84.0
-620000 84.0
-610000 92.0
-600000 88.0
-590000 92.0
-580000 100.0
-570000 84.0
-560000 92.0
-550000 80.0
-540000 76.0
-530000 84.0
-520000 88.0
-510000 96.0
-500000 76.0
-490000 84.0
-480000 92.0
-470000 96.0
-460000 88.0
-450000 92.0
-440000 80.0
-430000 76.0
-420000 84.0
-410000 84.0
-400000 92.0
-390000 96.0
-380000 92.0
-370000 96.0
-360000 84.0
-350000 96.0
-340000 88.0
-330000 76.0
-320000 88.0
-310000 100.0
-300000 92.0
-290000 88.0
-280000 88.0
-270000 100.0
-260000 84.0
-250000 80.0
-240000 92.0
-230000 96.0
-220000 96.0
-210000 92.0
-200000 88.0
-190000 84.0
-180000 92.0
-170000 92.0
-160000 84.0
-150000 80.0
-140000 88.0
-130000 92.0
-120000 92.0
-110000 92.0
-100000 80.0
-90000 92.0
-80000 96.0
-70000 96.0
-60000 100.0
-50000 92.0
-40000 92.0
-30000 92.0
-20000 92.0
-10000 92.0
0 88.0
10000 80.0
20000 76.0
30000 48.0
40000 80.0
50000 84.0
60000 52.0
70000 72.0
80000 88.0
90000 92.0
100000 52.0
110000 44.0
120000 56.0
130000 4.0
140000 88.0
150000 60.0
160000 28.0
170000 24.0
180000 92.0
190000 92.0
200000 92.0
210000 28.0
220000 12.0
230000 0.0
240000 0.0
250000 0.0
260000 0.0
270000 4.0
280000 0.0
290000 0.0
300000 4.0
310000 0.0
320000 4.0
330000 0.0
340000 4.0
350000 0.0
360000 0.0
370000 0.0
380000 0.0
390000 4.0
400000 0.0
410000 8.0
420000 16.0
430000 4.0
440000 12.0
450000 8.0
460000 4.0
470000 0.0
480000 4.0
490000 40.0
500000 0.0
510000 8.0
520000 0.0
530000 20.0
540000 0.0
550000 32.0
560000 12.0
570000 28.0
580000 16.0
590000 20.0
600000 16.0
610000 32.0
620000 16.0
630000 44.0
640000 40.0
650000 4.0
660000 12.0
670000 36.0
680000 28.0
690000 0.0
700000 8.0
710000 0.0
720000 0.0
730000 28.0
740000 8.0
750000 36.0
760000 4.0
770000 8.0
780000 40.0
790000 32.0
800000 28.0
810000 20.0
820000 24.0
830000 4.0
840000 32.0
850000 16.0
860000 20.0
870000 20.0
880000 12.0
890000 24.0
900000 20.0
910000 8.0
920000 16.0
930000 12.0
940000 24.0
950000 12.0
960000 8.0
970000 0.0
980000 28.0
990000 8.0
1000000 20.0
