-990000 0.0
-980000 0.0
-970000 4.0
-960000 12.0
-950000 32.0
-940000 76.0
-930000 60.0
-920000 84.0
-910000 80.0
-900000 92.0
-890000 68.0
-880000 80.0
-870000 76.0
-860000 92.0
-850000 96.0
-840000 80.0
-830000 88.0
-820000 88.0
-810000 64.0
-800000 76.0
-790000 80.0
-780000 64.0
-770000 88.0
-760000 84.0
-750000 84.0
-740000 88.0
-730000 92.0
-720000 88.0
-710000 84.0
-700000 80.0
-690000 68.0
-680000 96.0
-670000 76.0
-660000 88.0
-650000 84.0
-640000 88.0
-630000 72.0
-620000 92.0
-610000 84.0
-600000 96.0
-590000 76.0
-580000 92.0
-570000 96.0
-560000 96.0
-550000 80.0
-540000 88.0
-530000 76.0
-520000 80.0
-510000 80.0
-500000 88.0
-490000 68.0
-480000 72.0
-470000 72.0
-460000 80.0
-450000 88.0
-440000 76.0
-430000 88.0
-420000 76.0
-410000 72.0
-400000 88.0
-390000 92.0
-380000 88.0
-370000 84.0
-360000 88.0
-350000 88.0
-340000 96.0
-330000 68.0
-320000 64.0
-310000 52.0
-300000 88.0
-290000 88.0
-280000 76.0
-270000 88.0
-260000 80.0
-250000 76.0
-240000 80.0
-230000 76.0
-220000 68.0
-210000 80.0
-200000 88.0
-190000 84.0
-180000 72.0
-170000 84.0
-160000 88.0
-150000 92.0
-140000 64.0
-130000 72.0
-120000 80.0
-110000 76.0
-100000 76.0
-90000 80.0
-80000 72.0
-70000 84.0
-60000 76.0
-50000 80.0
-40000 76.0
-30000 68.0
-20000 84.0
-10000 72.0
0 88.0
10000 76.0
20000 72.0
30000 76.0
40000 64.0
50000 76.0
60000 80.0
70000 72.0
80000 72.0
90000 76.0
100000 64.0
110000 72.0
120000 88.0
130000 80.0
140000 80.0
150000 80.0
160000 64.0
170000 100.0
180000 68.0
190000 80.0
200000 72.0
210000 80.0
220000 100.0
230000 88.0
240000 88.0
250000 96.0
260000 76.0
270000 84.0
280000 84.0
290000 16.0
300000 28.0
310000 20.0
320000 36.0
330000 8.0
340000 40.0
350000 92.0
360000 48.0
370000 52.0
380000 20.0
390000 36.0
400000 24.0
410000 40.0
420000 68.0
430000 48.0
440000 40.0
450000 48.0
460000 68.0
470000 52.0
480000 52.0
490000 84.0
500000 52.0
510000 32.0
520000 32.0
530000 52.0
540000 48.0
550000 72.0
560000 64.0
570000 44.0
580000 48.0
590000 64.0
600000 36.0
610000 56.0
620000 36.0
630000 52.0
640000 56.0
650000 16.0
660000 60.0
670000 52.0
680000 52.0
690000 24.0
700000 44.0
710000 40.0
720000 52.0
730000 40.0
740000 72.0
750000 48.0
760000 52.0
770000 52.0
780000 36.0
790000 44.0
800000 72.0
810000 64.0
820000 64.0
830000 72.0
840000 64.0
850000 36.0
860000 84.0
870000 48.0
880000 60.0
890000 72.0
900000 60.0
910000 48.0
920000 76.0
930000 64.0
940000 80.0
950000 76.0
960000 76.0
970000 60.0
980000 76.0
990000 68.0
1000000 76.0
