-990000 0.0
-980000 0.0
-970000 0.0
-960000 12.0
-950000 28.0
-940000 80.0
-930000 76.0
-920000 88.0
-910000 92.0
-900000 76.0
-890000 76.0
-880000 64.0
-870000 92.0
-860000 80.0
-850000 92.0
-840000 88.0
-830000 76.0
-820000 72.0
-810000 72.0
-800000 64.0
-790000 64.0
-780000 68.0
-770000 84.0
-760000 80.0
-750000 80.0
-740000 80.0
-730000 80.0
-720000 80.0
-710000 76.0
-700000 80.0
-690000 80.0
-680000 88.0
-670000 80.0
-660000 88.0
-650000 76.0
-640000 80.0
-630000 84.0
-620000 76.0
-610000 80.0
-600000 84.0
-590000 80.0
-580000 80.0
-570000 84.0
-560000 96.0
-550000 80.0
-540000 88.0
-530000 84.0
-520000 84.0
-510000 76.0
-500000 72.0
-490000 84.0
-480000 84.0
-470000 84.0
-460000 76.0
-450000 88.0
-440000 84.0
-430000 88.0
-420000 88.0
-410000 64.0
-400000 88.0
-390000 88.0
-380000 76.0
-370000 84.0
-360000 84.0
-350000 72.0
-340000 88.0
-330000 84.0
-320000 88.0
-310000 88.0
-300000 88.0
-290000 84.0
-280000 84.0
-270000 88.0
-260000 76.0
-250000 68.0
-240000 76.0
-230000 68.0
-220000 64.0
-210000 84.0
-200000 76.0
-190000 84.0
-180000 92.0
-170000 80.0
-160000 72.0
-150000 84.0
-140000 84.0
-130000 76.0
-120000 64.0
-110000 76.0
-100000 84.0
-90000 92.0
-80000 80.0
-70000 100.0
-60000 76.0
-50000 80.0
-40000 84.0
-30000 72.0
-20000 88.0
-10000 84.0
0 76.0
10000 76.0
20000 76.0
30000 72.0
40000 88.0
50000 56.0
60000 40.0
70000 12.0
80000 8.0
90000 40.0
100000 24.0
110000 36.0
120000 44.0
130000 76.0
140000 28.0
150000 36.0
160000 72.0
170000 72.0
180000 80.0
190000 84.0
200000 44.0
210000 0.0
220000 0.0
230000 0.0
240000 20.0
250000 20.0
260000 8.0
270000 16.0
280000 20.0
290000 20.0
300000 20.0
310000 20.0
320000 8.0
330000 32.0
340000 16.0
350000 28.0
360000 8.0
370000 0.0
380000 28.0
390000 36.0
400000 32.0
410000 16.0
420000 36.0
430000 32.0
440000 32.0
450000 28.0
460000 4.0
470000 24.0
480000 12.0
490000 8.0
500000 32.0
510000 28.0
520000 32.0
530000 16.0
540000 12.0
550000 20.0
560000 28.0
570000 32.0
580000 32.0
590000 20.0
600000 48.0
610000 36.0
620000 20.0
630000 36.0
640000 24.0
650000 28.0
660000 24.0
670000 24.0
680000 32.0
690000 16.0
700000 8.0
710000 32.0
720000 12.0
730000 16.0
740000 20.0
750000 44.0
760000 24.0
770000 36.0
780000 16.0
790000 36.0
800000 36.0
810000 48.0
820000 32.0
830000 48.0
840000 32.0
850000 48.0
860000 36.0
870000 44.0
880000 28.0
890000 48.0
900000 28.0
910000 28.0
920000 16.0
930000 12.0
940000 28.0
950000 32.0
960000 36.0
970000 28.0
980000 36.0
990000 16.0
1000000 20.0
