-990000 0.0
-980000 0.0
-970000 0.0
-960000 12.0
-950000 36.0
-940000 80.0
-930000 68.0
-920000 84.0
-910000 80.0
-900000 96.0
-890000 60.0
-880000 68.0
-870000 72.0
-860000 80.0
-850000 80.0
-840000 84.0
-830000 80.0
-820000 88.0
-810000 80.0
-800000 80.0
-790000 76.0
-780000 88.0
-770000 72.0
-760000 80.0
-750000 76.0
-740000 92.0
-730000 72.0
-720000 84.0
-710000 88.0
-700000 80.0
-690000 84.0
-680000 96.0
-670000 80.0
-660000 84.0
-650000 84.0
-640000 92.0
-630000 88.0
-620000 84.0
-610000 80.0
-600000 84.0
-590000 84.0
-580000 76.0
-570000 84.0
-560000 84.0
-550000 92.0
-540000 80.0
-530000 80.0
-520000 80.0
-510000 72.0
-500000 72.0
-490000 92.0
-480000 76.0
-470000 84.0
-460000 84.0
-450000 92.0
-440000 76.0
-430000 84.0
-420000 92.0
-410000 88.0
-400000 76.0
-390000 80.0
-380000 84.0
-370000 76.0
-360000 76.0
-350000 80.0
-340000 80.0
-330000 80.0
-320000 88.0
-310000 76.0
-300000 84.0
-290000 92.0
-280000 68.0
-270000 84.0
-260000 88.0
-250000 84.0
-240000 80.0
-230000 80.0
-220000 92.0
-210000 72.0
-200000 84.0
-190000 88.0
-180000 76.0
-170000 92.0
-160000 84.0
-150000 84.0
-140000 88.0
-130000 80.0
-120000 88.0
-110000 92.0
-100000 92.0
-90000 92.0
-80000 84.0
-70000 88.0
-60000 84.0
-50000 64.0
-40000 88.0
-30000 92.0
-20000 88.0
-10000 88.0
0 72.0
10000 80.0
20000 52.0
30000 76.0
40000 72.0
50000 76.0
60000 88.0
70000 80.0
80000 88.0
90000 76.0
100000 84.0
110000 68.0
120000 52.0
130000 80.0
140000 68.0
150000 80.0
160000 72.0
170000 96.0
180000 88.0
190000 92.0
200000 0.0
210000 0.0
220000 28.0
230000 16.0
240000 16.0
250000 40.0
260000 12.0
270000 16.0
280000 16.0
290000 40.0
300000 8.0
310000 20.0
320000 36.0
330000 20.0
340000 32.0
350000 40.0
360000 8.0
370000 40.0
380000 8.0
390000 16.0
400000 36.0
410000 48.0
420000 8.0
430000 48.0
440000 44.0
450000 12.0
460000 32.0
470000 28.0
480000 32.0
490000 36.0
500000 28.0
510000 4.0
520000 8.0
530000 28.0
540000 16.0
550000 68.0
560000 16.0
570000 36.0
580000 32.0
590000 36.0
600000 28.0
610000 40.0
620000 48.0
630000 44.0
640000 20.0
650000 12.0
660000 36.0
670000 28.0
680000 12.0
690000 24.0
700000 68.0
710000 24.0
720000 52.0
730000 32.0
740000 28.0
750000 24.0
760000 28.0
770000 20.0
780000 28.0
790000 24.0
800000 28.0
810000 52.0
820000 48.0
830000 32.0
840000 0.0
850000 16.0
860000 48.0
870000 24.0
880000 4.0
890000 32.0
900000 20.0
910000 44.0
920000 28.0
930000 24.0
940000 44.0
950000 44.0
960000 28.0
970000 44.0
980000 24.0
990000 48.0
1000000 32.0
