-990000 0.0
-980000 0.0
-970000 0.0
-960000 4.0
-950000 0.0
-940000 44.0
-930000 44.0
-920000 68.0
-910000 64.0
-900000 56.0
-890000 80.0
-880000 60.0
-870000 52.0
-860000 72.0
-850000 80.0
-840000 76.0
-830000 84.0
-820000 84.0
-810000 84.0
-800000 80.0
-790000 64.0
-780000 80.0
-770000 80.0
-760000 88.0
-750000 88.0
-740000 96.0
-730000 96.0
-720000 76.0
-710000 84.0
-700000 64.0
-690000 64.0
-680000 76.0
-670000 76.0
-660000 84.0
-650000 72.0
-640000 80.0
-630000 96.0
-620000 84.0
-610000 92.0
-600000 88.0
-590000 88.0
-580000 76.0
-570000 96.0
-560000 92.0
-550000 96.0
-540000 76.0
-530000 72.0
-520000 92.0
-510000 80.0
-500000 76.0
-490000 80.0
-480000 100.0
-470000 96.0
-460000 96.0
-450000 84.0
-440000 80.0
-430000 92.0
-420000 88.0
-410000 92.0
-400000 80.0
-390000 76.0
-380000 88.0
-370000 88.0
-360000 80.0
-350000 88.0
-340000 96.0
-330000 96.0
-320000 88.0
-310000 84.0
-300000 92.0
-290000 92.0
-280000 92.0
-270000 92.0
-260000 92.0
-250000 84.0
-240000 80.0
-230000 76.0
-220000 88.0
-210000 88.0
-200000 92.0
-190000 88.0
-180000 100.0
-170000 88.0
-160000 96.0
-150000 96.0
-140000 80.0
-130000 96.0
-120000 80.0
-110000 92.0
-100000 88.0
-90000 92.0
-80000 96.0
-70000 92.0
-60000 96.0
-50000 100.0
-40000 96.0
-30000 96.0
-20000 92.0
-10000 76.0
0 84.0
10000 72.0
20000 80.0
30000 84.0
40000 92.0
50000 64.0
60000 20.0
70000 52.0
80000 76.0
90000 52.0
100000 44.0
110000 64.0
120000 92.0
130000 52.0
140000 68.0
150000 76.0
160000 52.0
170000 68.0
180000 84.0
190000 96.0
200000 100.0
210000 96.0
220000 16.0
230000 4.0
240000 8.0
250000 24.0
260000 4.0
270000 8.0
280000 4.0
290000 4.0
300000 4.0
310000 4.0
320000 0.0
330000 12.0
340000 4.0
350000 12.0
360000 28.0
370000 0.0
380000 8.0
390000 12.0
400000 24.0
410000 20.0
420000 12.0
430000 12.0
440000 12.0
450000 8.0
460000 20.0
470000 12.0
480000 12.0
490000 16.0
500000 16.0
510000 32.0
520000 8.0
530000 16.0
540000 8.0
550000 12.0
560000 12.0
570000 12.0
580000 12.0
590000 16.0
600000 8.0
610000 8.0
620000 24.0
630000 12.0
640000 8.0
650000 16.0
660000 28.0
670000 20.0
680000 16.0
690000 24.0
700000 8.0
710000 4.0
720000 8.0
730000 12.0
740000 12.0
750000 16.0
760000 12.0
770000 32.0
780000 16.0
790000 12.0
800000 20.0
810000 28.0
820000 16.0
830000 16.0
840000 24.0
850000 8.0
860000 16.0
870000 16.0
880000 8.0
890000 4.0
900000 16.0
910000 4.0
920000 20.0
930000 8.0
940000 24.0
950000 8.0
960000 12.0
970000 16.0
980000 24.0
990000 4.0
1000000 20.0
