-990000 0.0
-980000 28.0
-970000 44.0
-960000 52.0
-950000 52.0
-940000 64.0
-930000 36.0
-920000 76.0
-910000 56.0
-900000 44.0
-890000 52.0
-880000 60.0
-870000 64.0
-860000 76.0
-850000 68.0
-840000 60.0
-830000 72.0
-820000 68.0
-810000 76.0
-800000 60.0
-790000 56.0
-780000 68.0
-770000 56.0
-760000 48.0
-750000 64.0
-740000 56.0
-730000 76.0
-720000 64.0
-710000 64.0
-700000 64.0
-690000 48.0
-680000 52.0
-670000 68.0
-660000 52.0
-650000 52.0
-640000 76.0
-630000 64.0
-620000 52.0
-610000 68.0
-600000 52.0
-590000 60.0
-580000 52.0
-570000 48.0
-560000 72.0
-550000 60.0
-540000 60.0
-530000 68.0
-520000 60.0
-510000 64.0
-500000 56.0
-490000 76.0
-480000 72.0
-470000 52.0
-460000 52.0
-450000 60.0
-440000 60.0
-430000 64.0
-420000 36.0
-410000 48.0
-400000 60.0
-390000 76.0
-380000 60.0
-370000 68.0
-360000 64.0
-350000 60.0
-340000 64.0
-330000 68.0
-320000 76.0
-310000 72.0
-300000 80.0
-290000 60.0
-280000 64.0
-270000 56.0
-260000 72.0
-250000 48.0
-240000 72.0
-230000 52.0
-220000 32.0
-210000 80.0
-200000 64.0
-190000 80.0
-180000 48.0
-170000 52.0
-160000 52.0
-150000 72.0
-140000 48.0
-130000 64.0
-120000 56.0
-110000 68.0
-100000 76.0
-90000 60.0
-80000 68.0
-70000 68.0
-60000 44.0
-50000 48.0
-40000 56.0
-30000 44.0
-20000 76.0
-10000 68.0
0 64.0
10000 40.0
20000 48.0
30000 56.0
40000 56.0
50000 64.0
60000 56.0
70000 72.0
80000 72.0
90000 72.0
100000 36.0
110000 52.0
120000 40.0
130000 28.0
140000 32.0
150000 48.0
160000 48.0
170000 40.0
180000 52.0
190000 36.0
200000 48.0
210000 48.0
220000 64.0
230000 56.0
240000 64.0
250000 40.0
260000 68.0
270000 48.0
280000 52.0
290000 56.0
300000 48.0
310000 52.0
320000 64.0
330000 48.0
340000 48.0
350000 32.0
360000 40.0
370000 48.0
380000 32.0
390000 28.0
400000 36.0
410000 36.0
420000 24.0
430000 24.0
440000 24.0
450000 28.0
460000 44.0
470000 36.0
480000 44.0
490000 44.0
500000 68.0
510000 20.0
520000 44.0
530000 56.0
540000 36.0
550000 28.0
560000 56.0
570000 28.0
580000 56.0
590000 36.0
600000 52.0
610000 60.0
620000 48.0
630000 64.0
640000 76.0
650000 52.0
660000 40.0
670000 76.0
680000 56.0
690000 52.0
700000 48.0
710000 64.0
720000 28.0
730000 40.0
740000 36.0
750000 52.0
760000 48.0
770000 40.0
780000 48.0
790000 36.0
800000 64.0
810000 56.0
820000 68.0
830000 48.0
840000 60.0
850000 52.0
860000 52.0
870000 56.0
880000 60.0
890000 56.0
900000 48.0
910000 40.0
920000 52.0
930000 64.0
940000 48.0
950000 44.0
960000 40.0
970000 24.0
980000 52.0
990000 48.0
1000000 60.0
