-990000 0.0
-980000 0.0
-970000 0.0
-960000 0.0
-950000 0.0
-940000 52.0
-930000 32.0
-920000 60.0
-910000 72.0
-900000 56.0
-890000 60.0
-880000 72.0
-870000 52.0
-860000 80.0
-850000 60.0
-840000 56.0
-830000 76.0
-820000 84.0
-810000 80.0
-800000 80.0
-790000 60.0
-780000 92.0
-770000 68.0
-760000 84.0
-750000 72.0
-740000 88.0
-730000 100.0
-720000 84.0
-710000 96.0
-700000 68.0
-690000 64.0
-680000 76.0
-670000 88.0
-660000 68.0
-650000 80.0
-640000 88.0
-630000 92.0
-620000 80.0
-610000 88.0
-600000 96.0
-590000 60.0
-580000 80.0
-570000 84.0
-560000 92.0
-550000 84.0
-540000 76.0
-530000 92.0
-520000 84.0
-510000 84.0
-500000 72.0
-490000 84.0
-480000 88.0
-470000 88.0
-460000 84.0
-450000 88.0
-440000 72.0
-430000 96.0
-420000 88.0
-410000 96.0
-400000 64.0
-390000 92.0
-380000 68.0
-370000 72.0
-360000 92.0
-350000 88.0
-340000 100.0
-330000 92.0
-320000 80.0
-310000 100.0
-300000 92.0
-290000 88.0
-280000 92.0
-270000 92.0
-260000 84.0
-250000 88.0
-240000 96.0
-230000 96.0
-220000 92.0
-210000 84.0
-200000 88.0
-190000 96.0
-180000 96.0
-170000 88.0
-160000 80.0
-150000 80.0
-140000 88.0
-130000 84.0
-120000 84.0
-110000 92.0
-100000 84.0
-90000 80.0
-80000 96.0
-70000 92.0
-60000 88.0
-50000 92.0
-40000 88.0
-30000 92.0
-20000 96.0
-10000 88.0
0 84.0
10000 84.0
20000 100.0
30000 80.0
40000 68.0
50000 24.0
60000 20.0
70000 32.0
80000 72.0
90000 92.0
100000 84.0
110000 84.0
120000 88.0
130000 76.0
140000 60.0
150000 44.0
160000 16.0
170000 4.0
180000 8.0
190000 20.0
200000 44.0
210000 0.0
220000 52.0
230000 16.0
240000 20.0
250000 0.0
260000 24.0
270000 12.0
280000 8.0
290000 40.0
300000 28.0
310000 28.0
320000 8.0
330000 20.0
340000 20.0
350000 32.0
360000 68.0
370000 48.0
380000 12.0
390000 24.0
400000 8.0
410000 12.0
420000 52.0
430000 48.0
440000 24.0
450000 56.0
460000 8.0
470000 44.0
480000 32.0
490000 76.0
500000 40.0
510000 40.0
520000 48.0
530000 36.0
540000 40.0
550000 52.0
560000 8.0
570000 28.0
580000 20.0
590000 44.0
600000 56.0
610000 40.0
620000 12.0
630000 32.0
640000 24.0
650000 16.0
660000 16.0
670000 20.0
680000 52.0
690000 72.0
700000 36.0
710000 40.0
720000 12.0
730000 24.0
740000 36.0
750000 56.0
760000 60.0
770000 8.0
780000 16.0
790000 60.0
800000 68.0
810000 24.0
820000 64.0
830000 56.0
840000 32.0
850000 24.0
860000 4.0
870000 32.0
880000 60.0
890000 4.0
900000 72.0
910000 32.0
920000 12.0
930000 40.0
940000 12.0
950000 24.0
960000 56.0
970000 68.0
980000 56.0
990000 36.0
1000000 60.0
