-990000 0.0
-980000 8.0
-970000 48.0
-960000 44.0
-950000 56.0
-940000 68.0
-930000 72.0
-920000 60.0
-910000 52.0
-900000 56.0
-890000 40.0
-880000 68.0
-870000 64.0
-860000 60.0
-850000 72.0
-840000 72.0
-830000 64.0
-820000 40.0
-810000 76.0
-800000 56.0
-790000 64.0
-780000 52.0
-770000 56.0
-760000 72.0
-750000 68.0
-740000 60.0
-730000 80.0
-720000 64.0
-710000 56.0
-700000 56.0
-690000 68.0
-680000 60.0
-670000 68.0
-660000 44.0
-650000 60.0
-640000 64.0
-630000 64.0
-620000 48.0
-610000 68.0
-600000 64.0
-590000 88.0
-580000 68.0
-570000 52.0
-560000 60.0
-550000 68.0
-540000 44.0
-530000 56.0
-520000 72.0
-510000 76.0
-500000 40.0
-490000 64.0
-480000 52.0
-470000 48.0
-460000 52.0
-450000 72.0
-440000 64.0
-430000 56.0
-420000 60.0
-410000 68.0
-400000 76.0
-390000 80.0
-380000 52.0
-370000 64.0
-360000 68.0
-350000 64.0
-340000 64.0
-330000 56.0
-320000 56.0
-310000 44.0
-300000 76.0
-290000 52.0
-280000 68.0
-270000 76.0
-260000 64.0
-250000 76.0
-240000 64.0
-230000 64.0
-220000 68.0
-210000 64.0
-200000 52.0
-190000 72.0
-180000 60.0
-170000 68.0
-160000 72.0
-150000 36.0
-140000 56.0
-130000 72.0
-120000 60.0
-110000 60.0
-100000 48.0
-90000 72.0
-80000 64.0
-70000 56.0
-60000 76.0
-50000 72.0
-40000 44.0
-30000 44.0
-20000 64.0
-10000 56.0
0 64.0
10000 36.0
20000 76.0
30000 76.0
40000 56.0
50000 36.0
60000 20.0
70000 44.0
80000 24.0
90000 12.0
100000 40.0
110000 40.0
120000 16.0
130000 8.0
140000 12.0
150000 8.0
160000 24.0
170000 28.0
180000 24.0
190000 36.0
200000 24.0
210000 12.0
220000 20.0
230000 40.0
240000 16.0
250000 20.0
260000 36.0
270000 32.0
280000 36.0
290000 72.0
300000 56.0
310000 68.0
320000 32.0
330000 40.0
340000 40.0
350000 24.0
360000 36.0
370000 44.0
380000 40.0
390000 64.0
400000 32.0
410000 24.0
420000 36.0
430000 60.0
440000 64.0
450000 40.0
460000 52.0
470000 28.0
480000 44.0
490000 36.0
500000 40.0
510000 40.0
520000 32.0
530000 28.0
540000 52.0
550000 52.0
560000 44.0
570000 32.0
580000 24.0
590000 44.0
600000 24.0
610000 48.0
620000 64.0
630000 36.0
640000 44.0
650000 36.0
660000 36.0
670000 48.0
680000 40.0
690000 32.0
700000 48.0
710000 36.0
720000 48.0
730000 44.0
740000 68.0
750000 48.0
760000 52.0
770000 60.0
780000 48.0
790000 80.0
800000 24.0
810000 68.0
820000 76.0
830000 52.0
840000 52.0
850000 68.0
860000 32.0
870000 64.0
880000 40.0
890000 48.0
900000 52.0
910000 68.0
920000 64.0
930000 64.0
940000 72.0
950000 48.0
960000 60.0
970000 68.0
980000 60.0
990000 60.0
1000000 52.0
