-990000 0.0
-980000 12.0
-970000 28.0
-960000 56.0
-950000 40.0
-940000 60.0
-930000 52.0
-920000 52.0
-910000 80.0
-900000 60.0
-890000 64.0
-880000 64.0
-870000 72.0
-860000 68.0
-850000 64.0
-840000 60.0
-830000 60.0
-820000 64.0
-810000 56.0
-800000 44.0
-790000 68.0
-780000 60.0
-770000 52.0
-760000 76.0
-750000 60.0
-740000 60.0
-730000 80.0
-720000 60.0
-710000 60.0
-700000 64.0
-690000 44.0
-680000 68.0
-670000 48.0
-660000 52.0
-650000 64.0
-640000 76.0
-630000 52.0
-620000 60.0
-610000 52.0
-600000 52.0
-590000 36.0
-580000 52.0
-570000 44.0
-560000 72.0
-550000 44.0
-540000 80.0
-530000 56.0
-520000 40.0
-510000 56.0
-500000 48.0
-490000 48.0
-480000 52.0
-470000 68.0
-460000 56.0
-450000 52.0
-440000 60.0
-430000 60.0
-420000 60.0
-410000 60.0
-400000 56.0
-390000 68.0
-380000 60.0
-370000 72.0
-360000 76.0
-350000 64.0
-340000 64.0
-330000 64.0
-320000 68.0
-310000 48.0
-300000 60.0
-290000 68.0
-280000 72.0
-270000 52.0
-260000 64.0
-250000 76.0
-240000 52.0
-230000 48.0
-220000 60.0
-210000 60.0
-200000 48.0
-190000 56.0
-180000 64.0
-170000 48.0
-160000 80.0
-150000 64.0
-140000 60.0
-130000 52.0
-120000 56.0
-110000 56.0
-100000 64.0
-90000 52.0
-80000 52.0
-70000 68.0
-60000 68.0
-50000 56.0
-40000 60.0
-30000 44.0
-20000 60.0
-10000 56.0
0 48.0
10000 68.0
20000 72.0
30000 44.0
40000 68.0
50000 56.0
60000 56.0
70000 20.0
80000 52.0
90000 28.0
100000 32.0
110000 24.0
120000 0.0
130000 40.0
140000 20.0
150000 36.0
160000 24.0
170000 16.0
180000 16.0
190000 20.0
200000 24.0
210000 16.0
220000 12.0
230000 44.0
240000 28.0
250000 16.0
260000 12.0
270000 16.0
280000 8.0
290000 20.0
300000 32.0
310000 36.0
320000 12.0
330000 12.0
340000 28.0
350000 24.0
360000 32.0
370000 8.0
380000 20.0
390000 4.0
400000 4.0
410000 16.0
420000 16.0
430000 20.0
440000 4.0
450000 24.0
460000 8.0
470000 12.0
480000 24.0
490000 8.0
500000 20.0
510000 16.0
520000 8.0
530000 12.0
540000 24.0
550000 12.0
560000 12.0
570000 8.0
580000 16.0
590000 8.0
600000 8.0
610000 8.0
620000 16.0
630000 24.0
640000 24.0
650000 28.0
660000 28.0
670000 24.0
680000 36.0
690000 12.0
700000 24.0
710000 44.0
720000 56.0
730000 40.0
740000 64.0
750000 40.0
760000 52.0
770000 48.0
780000 64.0
790000 56.0
800000 56.0
810000 60.0
820000 52.0
830000 44.0
840000 36.0
850000 52.0
860000 32.0
870000 20.0
880000 28.0
890000 60.0
900000 32.0
910000 40.0
920000 44.0
930000 28.0
940000 28.0
950000 24.0
960000 36.0
970000 36.0
980000 52.0
990000 64.0
1000000 52.0
