-990000 0.0
-980000 12.0
-970000 56.0
-960000 52.0
-950000 72.0
-940000 64.0
-930000 56.0
-920000 80.0
-910000 68.0
-900000 60.0
-890000 60.0
-880000 80.0
-870000 64.0
-860000 88.0
-850000 64.0
-840000 68.0
-830000 52.0
-820000 68.0
-810000 72.0
-800000 68.0
-790000 72.0
-780000 68.0
-770000 72.0
-760000 60.0
-750000 68.0
-740000 52.0
-730000 52.0
-720000 44.0
-710000 80.0
-700000 68.0
-690000 76.0
-680000 64.0
-670000 44.0
-660000 64.0
-650000 56.0
-640000 56.0
-630000 72.0
-620000 68.0
-610000 72.0
-600000 52.0
-590000 68.0
-580000 56.0
-570000 64.0
-560000 44.0
-550000 48.0
-540000 56.0
-530000 72.0
-520000 48.0
-510000 44.0
-500000 64.0
-490000 76.0
-480000 24.0
-470000 72.0
-460000 56.0
-450000 48.0
-440000 56.0
-430000 60.0
-420000 64.0
-410000 80.0
-400000 40.0
-390000 64.0
-380000 40.0
-370000 60.0
-360000 60.0
-350000 48.0
-340000 52.0
-330000 60.0
-320000 64.0
-310000 68.0
-300000 68.0
-290000 56.0
-280000 48.0
-270000 60.0
-260000 80.0
-250000 84.0
-240000 64.0
-230000 76.0
-220000 60.0
-210000 68.0
-200000 60.0
-190000 64.0
-180000 52.0
-170000 48.0
-160000 52.0
-150000 52.0
-140000 56.0
-130000 52.0
-120000 60.0
-110000 52.0
-100000 32.0
-90000 60.0
-80000 76.0
-70000 36.0
-60000 40.0
-50000 44.0
-40000 68.0
-30000 56.0
-20000 64.0
-10000 60.0
0 76.0
10000 28.0
20000 48.0
30000 76.0
40000 60.0
50000 60.0
60000 60.0
70000 48.0
80000 52.0
90000 56.0
100000 60.0
110000 60.0
120000 68.0
130000 56.0
140000 64.0
150000 40.0
160000 52.0
170000 56.0
180000 40.0
190000 40.0
200000 60.0
210000 52.0
220000 36.0
230000 24.0
240000 56.0
250000 44.0
260000 56.0
270000 52.0
280000 48.0
290000 64.0
300000 56.0
310000 68.0
320000 64.0
330000 52.0
340000 48.0
350000 52.0
360000 72.0
370000 44.0
380000 36.0
390000 48.0
400000 68.0
410000 48.0
420000 60.0
430000 48.0
440000 52.0
450000 80.0
460000 64.0
470000 64.0
480000 52.0
490000 52.0
500000 68.0
510000 48.0
520000 56.0
530000 72.0
540000 60.0
550000 100.0
560000 68.0
570000 48.0
580000 60.0
590000 68.0
600000 60.0
610000 64.0
620000 64.0
630000 64.0
640000 72.0
650000 60.0
660000 80.0
670000 68.0
680000 60.0
690000 68.0
700000 76.0
710000 68.0
720000 52.0
730000 60.0
740000 52.0
750000 60.0
760000 60.0
770000 68.0
780000 52.0
790000 60.0
800000 40.0
810000 72.0
820000 80.0
830000 60.0
840000 72.0
850000 48.0
860000 56.0
870000 24.0
880000 44.0
890000 56.0
900000 60.0
910000 64.0
920000 52.0
930000 72.0
940000 60.0
950000 56.0
960000 56.0
970000 44.0
980000 56.0
990000 48.0
1000000 56.0
