-990000 0.0
-980000 36.0
-970000 52.0
-960000 44.0
-950000 52.0
-940000 48.0
-930000 72.0
-920000 48.0
-910000 56.0
-900000 68.0
-890000 60.0
-880000 52.0
-870000 80.0
-860000 44.0
-850000 76.0
-840000 60.0
-830000 56.0
-820000 44.0
-810000 68.0
-800000 36.0
-790000 60.0
-780000 72.0
-770000 52.0
-760000 72.0
-750000 72.0
-740000 52.0
-730000 68.0
-720000 72.0
-710000 64.0
-700000 56.0
-690000 56.0
-680000 56.0
-670000 72.0
-660000 64.0
-650000 60.0
-640000 60.0
-630000 64.0
-620000 56.0
-610000 64.0
-600000 64.0
-590000 60.0
-580000 56.0
-570000 44.0
-560000 48.0
-550000 68.0
-540000 60.0
-530000 52.0
-520000 36.0
-510000 52.0
-500000 72.0
-490000 72.0
-480000 72.0
-470000 64.0
-460000 52.0
-450000 56.0
-440000 60.0
-430000 80.0
-420000 48.0
-410000 48.0
-400000 60.0
-390000 68.0
-380000 52.0
-370000 64.0
-360000 52.0
-350000 56.0
-340000 60.0
-330000 68.0
-320000 72.0
-310000 60.0
-300000 68.0
-290000 40.0
-280000 56.0
-270000 68.0
-260000 64.0
-250000 68.0
-240000 44.0
-230000 56.0
-220000 64.0
-210000 60.0
-200000 60.0
-190000 60.0
-180000 48.0
-170000 64.0
-160000 72.0
-150000 84.0
-140000 56.0
-130000 60.0
-120000 56.0
-110000 72.0
-100000 68.0
-90000 64.0
-80000 60.0
-70000 68.0
-60000 68.0
-50000 56.0
-40000 60.0
-30000 72.0
-20000 56.0
-10000 56.0
0 64.0
10000 68.0
20000 80.0
30000 68.0
40000 44.0
50000 52.0
60000 36.0
70000 44.0
80000 32.0
90000 40.0
100000 40.0
110000 72.0
120000 32.0
130000 48.0
140000 44.0
150000 48.0
160000 44.0
170000 72.0
180000 28.0
190000 44.0
200000 20.0
210000 48.0
220000 20.0
230000 44.0
240000 36.0
250000 40.0
260000 40.0
270000 48.0
280000 40.0
290000 56.0
300000 52.0
310000 44.0
320000 48.0
330000 32.0
340000 28.0
350000 40.0
360000 36.0
370000 48.0
380000 32.0
390000 32.0
400000 32.0
410000 44.0
420000 28.0
430000 32.0
440000 40.0
450000 40.0
460000 40.0
470000 28.0
480000 36.0
490000 40.0
500000 36.0
510000 76.0
520000 52.0
530000 60.0
540000 64.0
550000 80.0
560000 64.0
570000 64.0
580000 60.0
590000 80.0
600000 84.0
610000 84.0
620000 68.0
630000 56.0
640000 76.0
650000 60.0
660000 64.0
670000 60.0
680000 76.0
690000 80.0
700000 80.0
710000 68.0
720000 80.0
730000 60.0
740000 76.0
750000 80.0
760000 56.0
770000 56.0
780000 68.0
790000 68.0
800000 72.0
810000 76.0
820000 60.0
830000 60.0
840000 48.0
850000 44.0
860000 72.0
870000 64.0
880000 64.0
890000 48.0
900000 56.0
910000 48.0
920000 60.0
930000 52.0
940000 60.0
950000 48.0
960000 44.0
970000 48.0
980000 52.0
990000 40.0
1000000 48.0
