-990000 0.0
-980000 0.0
-970000 0.0
-960000 8.0
-950000 32.0
-940000 72.0
-930000 80.0
-920000 96.0
-910000 80.0
-900000 76.0
-890000 68.0
-880000 84.0
-870000 76.0
-860000 84.0
-850000 88.0
-840000 92.0
-830000 64.0
-820000 84.0
-810000 80.0
-800000 76.0
-790000 92.0
-780000 92.0
-770000 92.0
-760000 84.0
-750000 80.0
-740000 80.0
-730000 88.0
-720000 92.0
-710000 84.0
-700000 84.0
-690000 76.0
-680000 84.0
-670000 100.0
-660000 92.0
-650000 92.0
-640000 72.0
-630000 76.0
-620000 88.0
-610000 96.0
-600000 88.0
-590000 72.0
-580000 96.0
-570000 76.0
-560000 80.0
-550000 80.0
-540000 84.0
-530000 84.0
-520000 80.0
-510000 84.0
-500000 80.0
-490000 92.0
-480000 68.0
-470000 88.0
-460000 88.0
-450000 80.0
-440000 76.0
-430000 84.0
-420000 80.0
-410000 88.0
-400000 80.0
-390000 92.0
-380000 96.0
-370000 84.0
-360000 84.0
-350000 84.0
-340000 88.0
-330000 80.0
-320000 84.0
-310000 72.0
-300000 80.0
-290000 80.0
-280000 84.0
-270000 80.0
-260000 88.0
-250000 92.0
-240000 80.0
-230000 68.0
-220000 76.0
-210000 88.0
-200000 92.0
-190000 72.0
-180000 88.0
-170000 96.0
-160000 76.0
-150000 60.0
-140000 92.0
-130000 76.0
-120000 80.0
-110000 92.0
-100000 76.0
-90000 88.0
-80000 92.0
-70000 88.0
-60000 80.0
-50000 80.0
-40000 76.0
-30000 88.0
-20000 80.0
-10000 92.0
0 76.0
10000 56.0
20000 64.0
30000 68.0
40000 72.0
50000 88.0
60000 96.0
70000 76.0
80000 80.0
90000 64.0
100000 56.0
110000 68.0
120000 56.0
130000 80.0
140000 88.0
150000 80.0
160000 84.0
170000 84.0
180000 80.0
190000 64.0
200000 76.0
210000 80.0
220000 64.0
230000 80.0
240000 88.0
250000 84.0
260000 88.0
270000 84.0
280000 76.0
290000 80.0
300000 96.0
310000 84.0
320000 68.0
330000 92.0
340000 80.0
350000 92.0
360000 76.0
370000 92.0
380000 76.0
390000 76.0
400000 84.0
410000 76.0
420000 84.0
430000 84.0
440000 80.0
450000 84.0
460000 68.0
470000 92.0
480000 96.0
490000 92.0
500000 84.0
510000 80.0
520000 72.0
530000 76.0
540000 88.0
550000 80.0
560000 96.0
570000 84.0
580000 80.0
590000 88.0
600000 100.0
610000 96.0
620000 84.0
630000 76.0
640000 84.0
650000 88.0
660000 84.0
670000 88.0
680000 100.0
690000 84.0
700000 96.0
710000 92.0
720000 68.0
730000 68.0
740000 64.0
750000 76.0
760000 76.0
770000 88.0
780000 36.0
790000 28.0
800000 44.0
810000 36.0
820000 8.0
830000 4.0
840000 16.0
850000 8.0
860000 16.0
870000 4.0
880000 8.0
890000 4.0
900000 32.0
910000 16.0
920000 20.0
930000 12.0
940000 12.0
950000 16.0
960000 16.0
970000 4.0
980000 4.0
990000 0.0
1000000 8.0
