-990000 0.0
-980000 0.0
-970000 0.0
-960000 12.0
-950000 12.0
-940000 64.0
-930000 76.0
-920000 88.0
-910000 88.0
-900000 84.0
-890000 72.0
-880000 72.0
-870000 72.0
-860000 84.0
-850000 80.0
-840000 84.0
-830000 84.0
-820000 76.0
-810000 88.0
-800000 76.0
-790000 84.0
-780000 88.0
-770000 68.0
-760000 84.0
-750000 72.0
-740000 72.0
-730000 80.0
-720000 68.0
-710000 80.0
-700000 72.0
-690000 84.0
-680000 84.0
-670000 72.0
-660000 88.0
-650000 88.0
-640000 76.0
-630000 80.0
-620000 88.0
-610000 80.0
-600000 84.0
-590000 72.0
-580000 92.0
-570000 92.0
-560000 84.0
-550000 76.0
-540000 84.0
-530000 80.0
-520000 80.0
-510000 80.0
-500000 80.0
-490000 80.0
-480000 68.0
-470000 84.0
-460000 84.0
-450000 92.0
-440000 88.0
-430000 64.0
-420000 68.0
-410000 76.0
-400000 68.0
-390000 64.0
-380000 84.0
-370000 88.0
-360000 84.0
-350000 84.0
-340000 72.0
-330000 76.0
-320000 88.0
-310000 80.0
-300000 80.0
-290000 80.0
-280000 80.0
-270000 88.0
-260000 88.0
-250000 68.0
-240000 84.0
-230000 72.0
-220000 76.0
-210000 76.0
-200000 88.0
-190000 92.0
-180000 76.0
-170000 80.0
-160000 88.0
-150000 84.0
-140000 80.0
-130000 68.0
-120000 88.0
-110000 76.0
-100000 72.0
-90000 72.0
-80000 88.0
-70000 72.0
-60000 92.0
-50000 80.0
-40000 80.0
-30000 84.0
-20000 72.0
-10000 88.0
0 84.0
10000 84.0
20000 80.0
30000 72.0
40000 76.0
50000 80.0
60000 24.0
70000 40.0
80000 40.0
90000 52.0
100000 56.0
110000 36.0
120000 48.0
130000 84.0
140000 80.0
150000 56.0
160000 80.0
170000 84.0
180000 72.0
190000 92.0
200000 8.0
210000 8.0
220000 0.0
230000 12.0
240000 16.0
250000 8.0
260000 16.0
270000 32.0
280000 24.0
290000 20.0
300000 12.0
310000 20.0
320000 16.0
330000 36.0
340000 24.0
350000 28.0
360000 24.0
370000 20.0
380000 28.0
390000 36.0
400000 20.0
410000 32.0
420000 28.0
430000 44.0
440000 12.0
450000 28.0
460000 28.0
470000 36.0
480000 16.0
490000 20.0
500000 48.0
510000 32.0
520000 36.0
530000 32.0
540000 28.0
550000 32.0
560000 28.0
570000 16.0
580000 24.0
590000 44.0
600000 44.0
610000 28.0
620000 36.0
630000 24.0
640000 28.0
650000 32.0
660000 32.0
670000 16.0
680000 28.0
690000 28.0
700000 48.0
710000 20.0
720000 28.0
730000 48.0
740000 32.0
750000 40.0
760000 28.0
770000 24.0
780000 52.0
790000 28.0
800000 16.0
810000 40.0
820000 12.0
830000 36.0
840000 32.0
850000 12.0
860000 36.0
870000 28.0
880000 48.0
890000 24.0
900000 36.0
910000 28.0
920000 12.0
930000 32.0
940000 32.0
950000 24.0
960000 28.0
970000 12.0
980000 44.0
990000 40.0
1000000 32.0
