-990000 0.0
-980000 28.0
-970000 56.0
-960000 48.0
-950000 60.0
-940000 56.0
-930000 44.0
-920000 72.0
-910000 64.0
-900000 48.0
-890000 76.0
-880000 60.0
-870000 56.0
-860000 76.0
-850000 52.0
-840000 44.0
-830000 72.0
-820000 68.0
-810000 44.0
-800000 76.0
-790000 64.0
-780000 68.0
-770000 68.0
-760000 72.0
-750000 56.0
-740000 68.0
-730000 72.0
-720000 52.0
-710000 80.0
-700000 76.0
-690000 68.0
-680000 68.0
-670000 60.0
-660000 60.0
-650000 72.0
-640000 68.0
-630000 68.0
-620000 60.0
-610000 68.0
-600000 52.0
-590000 68.0
-580000 56.0
-570000 52.0
-560000 72.0
-550000 52.0
-540000 60.0
-530000 64.0
-520000 60.0
-510000 56.0
-500000 32.0
-490000 64.0
-480000 32.0
-470000 64.0
-460000 48.0
-450000 56.0
-440000 76.0
-430000 64.0
-420000 64.0
-410000 64.0
-400000 72.0
-390000 64.0
-380000 52.0
-370000 60.0
-360000 88.0
-350000 52.0
-340000 72.0
-330000 52.0
-320000 84.0
-310000 56.0
-300000 60.0
-290000 64.0
-280000 60.0
-270000 44.0
-260000 68.0
-250000 88.0
-240000 64.0
-230000 64.0
-220000 48.0
-210000 60.0
-200000 64.0
-190000 60.0
-180000 56.0
-170000 52.0
-160000 60.0
-150000 60.0
-140000 60.0
-130000 48.0
-120000 60.0
-110000 52.0
-100000 68.0
-90000 72.0
-80000 56.0
-70000 68.0
-60000 60.0
-50000 48.0
-40000 60.0
-30000 60.0
-20000 52.0
-10000 64.0
0 64.0
10000 40.0
20000 56.0
30000 56.0
40000 44.0
50000 44.0
60000 60.0
70000 72.0
80000 60.0
90000 44.0
100000 48.0
110000 28.0
120000 8.0
130000 8.0
140000 12.0
150000 4.0
160000 4.0
170000 0.0
180000 4.0
190000 8.0
200000 4.0
210000 8.0
220000 20.0
230000 8.0
240000 0.0
250000 16.0
260000 16.0
270000 16.0
280000 20.0
290000 8.0
300000 16.0
310000 20.0
320000 16.0
330000 12.0
340000 24.0
350000 24.0
360000 4.0
370000 32.0
380000 28.0
390000 16.0
400000 16.0
410000 8.0
420000 12.0
430000 48.0
440000 52.0
450000 32.0
460000 40.0
470000 64.0
480000 60.0
490000 28.0
500000 56.0
510000 52.0
520000 36.0
530000 60.0
540000 64.0
550000 56.0
560000 40.0
570000 40.0
580000 48.0
590000 56.0
600000 44.0
610000 44.0
620000 48.0
630000 40.0
640000 32.0
650000 36.0
660000 60.0
670000 56.0
680000 52.0
690000 36.0
700000 36.0
710000 48.0
720000 52.0
730000 52.0
740000 36.0
750000 48.0
760000 60.0
770000 40.0
780000 44.0
790000 52.0
800000 68.0
810000 60.0
820000 52.0
830000 68.0
840000 52.0
850000 52.0
860000 64.0
870000 48.0
880000 24.0
890000 44.0
900000 28.0
910000 64.0
920000 64.0
930000 36.0
940000 56.0
950000 60.0
960000 60.0
970000 60.0
980000 64.0
990000 72.0
1000000 64.0
