-990000 0.0
-980000 0.0
-970000 0.0
-960000 4.0
-950000 0.0
-940000 28.0
-930000 32.0
-920000 48.0
-910000 60.0
-900000 68.0
-890000 60.0
-880000 72.0
-870000 56.0
-860000 56.0
-850000 84.0
-840000 56.0
-830000 64.0
-820000 84.0
-810000 76.0
-800000 92.0
-790000 76.0
-780000 84.0
-770000 88.0
-760000 80.0
-750000 84.0
-740000 88.0
-730000 92.0
-720000 84.0
-710000 84.0
-700000 88.0
-690000 72.0
-680000 92.0
-670000 80.0
-660000 80.0
-650000 84.0
-640000 72.0
-630000 96.0
-620000 68.0
-610000 92.0
-600000 92.0
-590000 68.0
-580000 80.0
-570000 88.0
-560000 80.0
-550000 68.0
-540000 88.0
-530000 84.0
-520000 92.0
-510000 92.0
-500000 80.0
-490000 92.0
-480000 88.0
-470000 92.0
-460000 76.0
-450000 88.0
-440000 80.0
-430000 88.0
-420000 92.0
-410000 96.0
-400000 64.0
-390000 84.0
-380000 76.0
-370000 88.0
-360000 80.0
-350000 88.0
-340000 88.0
-330000 84.0
-320000 96.0
-310000 96.0
-300000 96.0
-290000 88.0
-280000 96.0
-270000 96.0
-260000 84.0
-250000 88.0
-240000 80.0
-230000 92.0
-220000 92.0
-210000 100.0
-200000 88.0
-190000 80.0
-180000 96.0
-170000 84.0
-160000 92.0
-150000 92.0
-140000 84.0
-130000 84.0
-120000 92.0
-110000 84.0
-100000 92.0
-90000 88.0
-80000 96.0
-70000 88.0
-60000 92.0
-50000 92.0
-40000 96.0
-30000 100.0
-20000 80.0
-10000 88.0
0 84.0
10000 96.0
20000 76.0
30000 84.0
40000 92.0
50000 80.0
60000 80.0
70000 80.0
80000 92.0
90000 84.0
100000 96.0
110000 88.0
120000 92.0
130000 92.0
140000 92.0
150000 76.0
160000 80.0
170000 80.0
180000 64.0
190000 80.0
200000 88.0
210000 92.0
220000 80.0
230000 88.0
240000 92.0
250000 72.0
260000 92.0
270000 88.0
280000 84.0
290000 92.0
300000 76.0
310000 84.0
320000 88.0
330000 88.0
340000 96.0
350000 96.0
360000 84.0
370000 84.0
380000 84.0
390000 92.0
400000 92.0
410000 92.0
420000 100.0
430000 92.0
440000 92.0
450000 92.0
460000 96.0
470000 92.0
480000 92.0
490000 92.0
500000 88.0
510000 84.0
520000 92.0
530000 88.0
540000 96.0
550000 92.0
560000 88.0
570000 92.0
580000 100.0
590000 84.0
600000 88.0
610000 88.0
620000 96.0
630000 96.0
640000 92.0
650000 88.0
660000 88.0
670000 92.0
680000 92.0
690000 88.0
700000 92.0
710000 84.0
720000 84.0
730000 92.0
740000 92.0
750000 92.0
760000 84.0
770000 88.0
780000 92.0
790000 96.0
800000 88.0
810000 96.0
820000 84.0
830000 88.0
840000 84.0
850000 96.0
860000 92.0
870000 84.0
880000 84.0
890000 88.0
900000 80.0
910000 92.0
920000 96.0
930000 88.0
940000 100.0
950000 96.0
960000 92.0
970000 96.0
980000 92.0
990000 88.0
1000000 100.0
