-990000 0.0
-980000 28.0
-970000 48.0
-960000 60.0
-950000 60.0
-940000 72.0
-930000 44.0
-920000 56.0
-910000 56.0
-900000 60.0
-890000 72.0
-880000 68.0
-870000 60.0
-860000 64.0
-850000 56.0
-840000 72.0
-830000 56.0
-820000 64.0
-810000 56.0
-800000 56.0
-790000 64.0
-780000 64.0
-770000 60.0
-760000 68.0
-750000 64.0
-740000 56.0
-730000 56.0
-720000 56.0
-710000 56.0
-700000 72.0
-690000 40.0
-680000 92.0
-670000 68.0
-660000 52.0
-650000 76.0
-640000 60.0
-630000 64.0
-620000 64.0
-610000 52.0
-600000 60.0
-590000 80.0
-580000 68.0
-570000 52.0
-560000 68.0
-550000 52.0
-540000 56.0
-530000 52.0
-520000 52.0
-510000 48.0
-500000 52.0
-490000 56.0
-480000 48.0
-470000 60.0
-460000 40.0
-450000 72.0
-440000 56.0
-430000 68.0
-420000 60.0
-410000 48.0
-400000 36.0
-390000 80.0
-380000 56.0
-370000 64.0
-360000 68.0
-350000 76.0
-340000 60.0
-330000 52.0
-320000 56.0
-310000 44.0
-300000 64.0
-290000 60.0
-280000 52.0
-270000 64.0
-260000 76.0
-250000 76.0
-240000 48.0
-230000 64.0
-220000 56.0
-210000 52.0
-200000 52.0
-190000 64.0
-180000 44.0
-170000 32.0
-160000 60.0
-150000 60.0
-140000 44.0
-130000 52.0
-120000 72.0
-110000 52.0
-100000 68.0
-90000 60.0
-80000 68.0
-70000 60.0
-60000 60.0
-50000 72.0
-40000 52.0
-30000 56.0
-20000 52.0
-10000 52.0
0 64.0
10000 44.0
20000 76.0
30000 56.0
40000 64.0
50000 72.0
60000 48.0
70000 28.0
80000 28.0
90000 40.0
100000 44.0
110000 24.0
120000 28.0
130000 16.0
140000 20.0
150000 24.0
160000 4.0
170000 28.0
180000 12.0
190000 12.0
200000 12.0
210000 20.0
220000 12.0
230000 20.0
240000 24.0
250000 12.0
260000 40.0
270000 24.0
280000 8.0
290000 24.0
300000 36.0
310000 28.0
320000 8.0
330000 12.0
340000 20.0
350000 8.0
360000 36.0
370000 28.0
380000 24.0
390000 20.0
400000 48.0
410000 68.0
420000 24.0
430000 28.0
440000 48.0
450000 36.0
460000 60.0
470000 60.0
480000 44.0
490000 52.0
500000 48.0
510000 68.0
520000 56.0
530000 76.0
540000 76.0
550000 56.0
560000 64.0
570000 72.0
580000 56.0
590000 68.0
600000 60.0
610000 60.0
620000 52.0
630000 80.0
640000 76.0
650000 56.0
660000 52.0
670000 60.0
680000 40.0
690000 52.0
700000 64.0
710000 60.0
720000 52.0
730000 48.0
740000 44.0
750000 24.0
760000 56.0
770000 52.0
780000 44.0
790000 36.0
800000 36.0
810000 40.0
820000 28.0
830000 44.0
840000 28.0
850000 56.0
860000 28.0
870000 32.0
880000 36.0
890000 40.0
900000 16.0
910000 12.0
920000 32.0
930000 36.0
940000 40.0
950000 24.0
960000 20.0
970000 4.0
980000 44.0
990000 40.0
1000000 44.0
