-990000 0.0
-980000 0.0
-970000 0.0
-960000 0.0
-950000 32.0
-940000 80.0
-930000 84.0
-920000 80.0
-910000 88.0
-900000 76.0
-890000 80.0
-880000 80.0
-870000 80.0
-860000 76.0
-850000 92.0
-840000 84.0
-830000 68.0
-820000 80.0
-810000 88.0
-800000 88.0
-790000 92.0
-780000 100.0
-770000 92.0
-760000 80.0
-750000 88.0
-740000 92.0
-730000 88.0
-720000 80.0
-710000 76.0
-700000 88.0
-690000 92.0
-680000 100.0
-670000 88.0
-660000 76.0
-650000 92.0
-640000 92.0
-630000 76.0
-620000 96.0
-610000 80.0
-600000 80.0
-590000 88.0
-580000 68.0
-570000 80.0
-560000 92.0
-550000 84.0
-540000 80.0
-530000 88.0
-520000 84.0
-510000 92.0
-500000 88.0
-490000 84.0
-480000 88.0
-470000 84.0
-460000 84.0
-450000 68.0
-440000 88.0
-430000 92.0
-420000 80.0
-410000 88.0
-400000 80.0
-390000 88.0
-380000 80.0
-370000 88.0
-360000 80.0
-350000 84.0
-340000 100.0
-330000 88.0
-320000 84.0
-310000 72.0
-300000 84.0
-290000 80.0
-280000 96.0
-270000 76.0
-260000 76.0
-250000 92.0
-240000 88.0
-230000 92.0
-220000 76.0
-210000 80.0
-200000 88.0
-190000 76.0
-180000 68.0
-170000 84.0
-160000 80.0
-150000 72.0
-140000 84.0
-130000 88.0
-120000 72.0
-110000 84.0
-100000 84.0
-90000 92.0
-80000 72.0
-70000 76.0
-60000 88.0
-50000 92.0
-40000 60.0
-30000 88.0
-20000 84.0
-10000 80.0
0 76.0
10000 72.0
20000 68.0
30000 68.0
40000 68.0
50000 52.0
60000 40.0
70000 0.0
80000 0.0
90000 20.0
100000 28.0
110000 12.0
120000 68.0
130000 68.0
140000 32.0
150000 64.0
160000 44.0
170000 40.0
180000 16.0
190000 16.0
200000 20.0
210000 20.0
220000 24.0
230000 28.0
240000 28.0
250000 48.0
260000 28.0
270000 24.0
280000 12.0
290000 40.0
300000 64.0
310000 20.0
320000 60.0
330000 52.0
340000 40.0
350000 56.0
360000 32.0
370000 40.0
380000 40.0
390000 36.0
400000 28.0
410000 20.0
420000 44.0
430000 48.0
440000 32.0
450000 44.0
460000 60.0
470000 32.0
480000 60.0
490000 44.0
500000 68.0
510000 16.0
520000 12.0
530000 24.0
540000 28.0
550000 8.0
560000 4.0
570000 16.0
580000 20.0
590000 8.0
600000 12.0
610000 20.0
620000 4.0
630000 12.0
640000 16.0
650000 44.0
660000 16.0
670000 44.0
680000 12.0
690000 32.0
700000 4.0
710000 24.0
720000 16.0
730000 0.0
740000 20.0
750000 36.0
760000 20.0
770000 24.0
780000 36.0
790000 28.0
800000 24.0
810000 12.0
820000 36.0
830000 44.0
840000 24.0
850000 16.0
860000 12.0
870000 12.0
880000 32.0
890000 24.0
900000 52.0
910000 32.0
920000 24.0
930000 28.0
940000 12.0
950000 8.0
960000 24.0
970000 28.0
980000 32.0
990000 16.0
1000000 16.0
