-990000 0.0
-980000 20.0
-970000 28.0
-960000 52.0
-950000 60.0
-940000 56.0
-930000 68.0
-920000 32.0
-910000 48.0
-900000 64.0
-890000 56.0
-880000 56.0
-870000 68.0
-860000 68.0
-850000 72.0
-840000 76.0
-830000 64.0
-820000 68.0
-810000 52.0
-800000 64.0
-790000 52.0
-780000 56.0
-770000 64.0
-760000 40.0
-750000 56.0
-740000 64.0
-730000 72.0
-720000 44.0
-710000 76.0
-700000 68.0
-690000 68.0
-680000 60.0
-670000 52.0
-660000 56.0
-650000 56.0
-640000 60.0
-630000 60.0
-620000 52.0
-610000 68.0
-600000 48.0
-590000 52.0
-580000 36.0
-570000 48.0
-560000 52.0
-550000 48.0
-540000 56.0
-530000 68.0
-520000 44.0
-510000 68.0
-500000 60.0
-490000 48.0
-480000 60.0
-470000 48.0
-460000 56.0
-450000 64.0
-440000 76.0
-430000 88.0
-420000 52.0
-410000 56.0
-400000 64.0
-390000 72.0
-380000 56.0
-370000 68.0
-360000 84.0
-350000 76.0
-340000 60.0
-330000 68.0
-320000 84.0
-310000 68.0
-300000 64.0
-290000 72.0
-280000 72.0
-270000 60.0
-260000 72.0
-250000 68.0
-240000 68.0
-230000 44.0
-220000 48.0
-210000 48.0
-200000 52.0
-190000 72.0
-180000 60.0
-170000 36.0
-160000 64.0
-150000 64.0
-140000 64.0
-130000 44.0
-120000 60.0
-110000 60.0
-100000 60.0
-90000 68.0
-80000 80.0
-70000 48.0
-60000 72.0
-50000 60.0
-40000 72.0
-30000 64.0
-20000 64.0
-10000 60.0
0 68.0
10000 56.0
20000 48.0
30000 52.0
40000 56.0
50000 64.0
60000 44.0
70000 72.0
80000 64.0
90000 64.0
100000 60.0
110000 60.0
120000 44.0
130000 40.0
140000 44.0
150000 60.0
160000 52.0
170000 36.0
180000 44.0
190000 32.0
200000 32.0
210000 24.0
220000 16.0
230000 32.0
240000 28.0
250000 16.0
260000 32.0
270000 28.0
280000 44.0
290000 32.0
300000 40.0
310000 12.0
320000 32.0
330000 20.0
340000 28.0
350000 40.0
360000 36.0
370000 44.0
380000 12.0
390000 36.0
400000 28.0
410000 28.0
420000 28.0
430000 52.0
440000 20.0
450000 24.0
460000 32.0
470000 32.0
480000 28.0
490000 36.0
500000 52.0
510000 32.0
520000 28.0
530000 24.0
540000 56.0
550000 48.0
560000 56.0
570000 48.0
580000 44.0
590000 28.0
600000 48.0
610000 40.0
620000 44.0
630000 28.0
640000 32.0
650000 68.0
660000 52.0
670000 40.0
680000 44.0
690000 44.0
700000 64.0
710000 60.0
720000 60.0
730000 60.0
740000 60.0
750000 72.0
760000 76.0
770000 60.0
780000 44.0
790000 68.0
800000 68.0
810000 52.0
820000 48.0
830000 48.0
840000 56.0
850000 52.0
860000 40.0
870000 64.0
880000 48.0
890000 32.0
900000 40.0
910000 24.0
920000 48.0
930000 32.0
940000 40.0
950000 20.0
960000 40.0
970000 40.0
980000 40.0
990000 32.0
1000000 12.0
