-990000 0.0
-980000 0.0
-970000 0.0
-960000 4.0
-950000 0.0
-940000 36.0
-930000 44.0
-920000 60.0
-910000 72.0
-900000 56.0
-890000 76.0
-880000 68.0
-870000 52.0
-860000 64.0
-850000 60.0
-840000 44.0
-830000 72.0
-820000 84.0
-810000 92.0
-800000 84.0
-790000 72.0
-780000 88.0
-770000 80.0
-760000 92.0
-750000 88.0
-740000 96.0
-730000 96.0
-720000 60.0
-710000 88.0
-700000 60.0
-690000 80.0
-680000 68.0
-670000 88.0
-660000 84.0
-650000 76.0
-640000 80.0
-630000 84.0
-620000 88.0
-610000 92.0
-600000 88.0
-590000 92.0
-580000 84.0
-570000 88.0
-560000 92.0
-550000 80.0
-540000 68.0
-530000 80.0
-520000 80.0
-510000 92.0
-500000 76.0
-490000 96.0
-480000 96.0
-470000 92.0
-460000 84.0
-450000 96.0
-440000 80.0
-430000 96.0
-420000 80.0
-410000 88.0
-400000 76.0
-390000 80.0
-380000 80.0
-370000 96.0
-360000 92.0
-350000 96.0
-340000 88.0
-330000 80.0
-320000 80.0
-310000 96.0
-300000 84.0
-290000 84.0
-280000 96.0
-270000 80.0
-260000 80.0
-250000 80.0
-240000 84.0
-230000 80.0
-220000 92.0
-210000 88.0
-200000 88.0
-190000 92.0
-180000 76.0
-170000 76.0
-160000 88.0
-150000 88.0
-140000 84.0
-130000 84.0
-120000 96.0
-110000 88.0
-100000 84.0
-90000 92.0
-80000 96.0
-70000 84.0
-60000 84.0
-50000 92.0
-40000 96.0
-30000 88.0
-20000 92.0
-10000 92.0
0 92.0
10000 92.0
20000 92.0
30000 64.0
40000 64.0
50000 72.0
60000 84.0
70000 92.0
80000 80.0
90000 88.0
100000 88.0
110000 100.0
120000 68.0
130000 80.0
140000 88.0
150000 52.0
160000 88.0
170000 76.0
180000 100.0
190000 92.0
200000 88.0
210000 80.0
220000 76.0
230000 84.0
240000 96.0
250000 0.0
260000 4.0
270000 12.0
280000 0.0
290000 0.0
300000 0.0
310000 0.0
320000 0.0
330000 8.0
340000 12.0
350000 12.0
360000 8.0
370000 0.0
380000 0.0
390000 8.0
400000 12.0
410000 12.0
420000 8.0
430000 0.0
440000 8.0
450000 8.0
460000 8.0
470000 16.0
480000 8.0
490000 8.0
500000 4.0
510000 8.0
520000 4.0
530000 0.0
540000 8.0
550000 28.0
560000 4.0
570000 8.0
580000 0.0
590000 8.0
600000 8.0
610000 0.0
620000 8.0
630000 16.0
640000 20.0
650000 16.0
660000 16.0
670000 12.0
680000 0.0
690000 20.0
700000 16.0
710000 24.0
720000 32.0
730000 16.0
740000 24.0
750000 20.0
760000 16.0
770000 4.0
780000 8.0
790000 4.0
800000 20.0
810000 32.0
820000 16.0
830000 12.0
840000 32.0
850000 16.0
860000 4.0
870000 16.0
880000 4.0
890000 16.0
900000 12.0
910000 24.0
920000 0.0
930000 20.0
940000 20.0
950000 8.0
960000 16.0
970000 12.0
980000 60.0
990000 24.0
1000000 16.0
