-990000 0.0
-980000 0.0
-970000 0.0
-960000 4.0
-950000 0.0
-940000 28.0
-930000 36.0
-920000 48.0
-910000 52.0
-900000 60.0
-890000 76.0
-880000 60.0
-870000 64.0
-860000 60.0
-850000 64.0
-840000 52.0
-830000 80.0
-820000 100.0
-810000 80.0
-800000 80.0
-790000 68.0
-780000 76.0
-770000 60.0
-760000 92.0
-750000 72.0
-740000 96.0
-730000 80.0
-720000 76.0
-710000 92.0
-700000 76.0
-690000 72.0
-680000 84.0
-670000 84.0
-660000 84.0
-650000 64.0
-640000 84.0
-630000 84.0
-620000 88.0
-610000 92.0
-600000 92.0
-590000 92.0
-580000 80.0
-570000 92.0
-560000 72.0
-550000 84.0
-540000 68.0
-530000 92.0
-520000 80.0
-510000 96.0
-500000 72.0
-490000 88.0
-480000 72.0
-470000 92.0
-460000 92.0
-450000 76.0
-440000 96.0
-430000 88.0
-420000 96.0
-410000 92.0
-400000 80.0
-390000 76.0
-380000 88.0
-370000 88.0
-360000 88.0
-350000 100.0
-340000 96.0
-330000 88.0
-320000 92.0
-310000 84.0
-300000 88.0
-290000 84.0
-280000 100.0
-270000 88.0
-260000 92.0
-250000 96.0
-240000 88.0
-230000 92.0
-220000 96.0
-210000 96.0
-200000 92.0
-190000 88.0
-180000 84.0
-170000 92.0
-160000 76.0
-150000 80.0
-140000 92.0
-130000 88.0
-120000 80.0
-110000 84.0
-100000 80.0
-90000 88.0
-80000 84.0
-70000 84.0
-60000 100.0
-50000 92.0
-40000 80.0
-30000 96.0
-20000 96.0
-10000 84.0
0 80.0
10000 84.0
20000 92.0
30000 76.0
40000 68.0
50000 48.0
60000 60.0
70000 68.0
80000 88.0
90000 92.0
100000 68.0
110000 84.0
120000 80.0
130000 84.0
140000 0.0
150000 8.0
160000 0.0
170000 8.0
180000 8.0
190000 8.0
200000 16.0
210000 0.0
220000 0.0
230000 16.0
240000 0.0
250000 4.0
260000 28.0
270000 48.0
280000 88.0
290000 36.0
300000 0.0
310000 28.0
320000 4.0
330000 8.0
340000 32.0
350000 0.0
360000 32.0
370000 56.0
380000 24.0
390000 72.0
400000 32.0
410000 32.0
420000 4.0
430000 68.0
440000 68.0
450000 16.0
460000 28.0
470000 8.0
480000 96.0
490000 64.0
500000 12.0
510000 12.0
520000 24.0
530000 40.0
540000 44.0
550000 76.0
560000 52.0
570000 84.0
580000 44.0
590000 88.0
600000 84.0
610000 4.0
620000 76.0
630000 12.0
640000 88.0
650000 92.0
660000 32.0
670000 48.0
680000 80.0
690000 64.0
700000 52.0
710000 48.0
720000 80.0
730000 80.0
740000 88.0
750000 92.0
760000 40.0
770000 20.0
780000 20.0
790000 4.0
800000 0.0
810000 4.0
820000 0.0
830000 0.0
840000 4.0
850000 0.0
860000 0.0
870000 0.0
880000 4.0
890000 0.0
900000 0.0
910000 0.0
920000 0.0
930000 8.0
940000 8.0
950000 0.0
960000 0.0
970000 28.0
980000 8.0
990000 16.0
1000000 12.0
