-990000 0.0
-980000 0.0
-970000 0.0
-960000 4.0
-950000 40.0
-940000 76.0
-930000 72.0
-920000 92.0
-910000 88.0
-900000 76.0
-890000 88.0
-880000 84.0
-870000 96.0
-860000 76.0
-850000 88.0
-840000 84.0
-830000 88.0
-820000 80.0
-810000 84.0
-800000 88.0
-790000 88.0
-780000 72.0
-770000 88.0
-760000 88.0
-750000 80.0
-740000 76.0
-730000 72.0
-720000 76.0
-710000 84.0
-700000 76.0
-690000 92.0
-680000 100.0
-670000 88.0
-660000 88.0
-650000 92.0
-640000 96.0
-630000 68.0
-620000 80.0
-610000 96.0
-600000 80.0
-590000 84.0
-580000 88.0
-570000 88.0
-560000 76.0
-550000 88.0
-540000 64.0
-530000 84.0
-520000 92.0
-510000 84.0
-500000 80.0
-490000 72.0
-480000 68.0
-470000 84.0
-460000 72.0
-450000 84.0
-440000 68.0
-430000 84.0
-420000 92.0
-410000 96.0
-400000 96.0
-390000 80.0
-380000 92.0
-370000 92.0
-360000 72.0
-350000 92.0
-340000 80.0
-330000 84.0
-320000 84.0
-310000 68.0
-300000 80.0
-290000 76.0
-280000 92.0
-270000 76.0
-260000 72.0
-250000 96.0
-240000 76.0
-230000 72.0
-220000 84.0
-210000 92.0
-200000 92.0
-190000 64.0
-180000 80.0
-170000 76.0
-160000 80.0
-150000 92.0
-140000 80.0
-130000 68.0
-120000 76.0
-110000 84.0
-100000 80.0
-90000 88.0
-80000 96.0
-70000 88.0
-60000 88.0
-50000 92.0
-40000 76.0
-30000 88.0
-20000 88.0
-10000 84.0
0 80.0
10000 88.0
20000 76.0
30000 88.0
40000 52.0
50000 44.0
60000 32.0
70000 48.0
80000 40.0
90000 44.0
100000 56.0
110000 56.0
120000 76.0
130000 80.0
140000 72.0
150000 76.0
160000 36.0
170000 0.0
180000 4.0
190000 0.0
200000 0.0
210000 0.0
220000 0.0
230000 20.0
240000 4.0
250000 28.0
260000 20.0
270000 8.0
280000 4.0
290000 16.0
300000 8.0
310000 12.0
320000 8.0
330000 8.0
340000 0.0
350000 0.0
360000 8.0
370000 8.0
380000 12.0
390000 8.0
400000 4.0
410000 32.0
420000 8.0
430000 16.0
440000 28.0
450000 36.0
460000 16.0
470000 12.0
480000 8.0
490000 12.0
500000 24.0
510000 28.0
520000 20.0
530000 16.0
540000 28.0
550000 40.0
560000 20.0
570000 4.0
580000 32.0
590000 24.0
600000 28.0
610000 32.0
620000 20.0
630000 8.0
640000 32.0
650000 32.0
660000 16.0
670000 32.0
680000 24.0
690000 28.0
700000 44.0
710000 20.0
720000 16.0
730000 32.0
740000 28.0
750000 16.0
760000 20.0
770000 12.0
780000 24.0
790000 20.0
800000 32.0
810000 20.0
820000 36.0
830000 28.0
840000 48.0
850000 24.0
860000 36.0
870000 48.0
880000 16.0
890000 40.0
900000 20.0
910000 28.0
920000 12.0
930000 36.0
940000 44.0
950000 32.0
960000 12.0
970000 20.0
980000 28.0
990000 24.0
1000000 16.0
