-990000 0.0
-980000 0.0
-970000 0.0
-960000 0.0
-950000 0.0
-940000 40.0
-930000 52.0
-920000 56.0
-910000 64.0
-900000 48.0
-890000 68.0
-880000 60.0
-870000 52.0
-860000 72.0
-850000 68.0
-840000 68.0
-830000 84.0
-820000 88.0
-810000 92.0
-800000 80.0
-790000 64.0
-780000 64.0
-770000 92.0
-760000 88.0
-750000 80.0
-740000 100.0
-730000 92.0
-720000 72.0
-710000 84.0
-700000 76.0
-690000 84.0
-680000 88.0
-670000 84.0
-660000 64.0
-650000 80.0
-640000 84.0
-630000 100.0
-620000 92.0
-610000 92.0
-600000 92.0
-590000 72.0
-580000 84.0
-570000 88.0
-560000 92.0
-550000 92.0
-540000 84.0
-530000 88.0
-520000 84.0
-510000 96.0
-500000 80.0
-490000 84.0
-480000 96.0
-470000 92.0
-460000 92.0
-450000 96.0
-440000 80.0
-430000 92.0
-420000 84.0
-410000 92.0
-400000 84.0
-390000 80.0
-380000 92.0
-370000 96.0
-360000 96.0
-350000 96.0
-340000 88.0
-330000 84.0
-320000 92.0
-310000 96.0
-300000 96.0
-290000 88.0
-280000 88.0
-270000 100.0
-260000 92.0
-250000 92.0
-240000 80.0
-230000 92.0
-220000 92.0
-210000 92.0
-200000 96.0
-190000 96.0
-180000 100.0
-170000 96.0
-160000 92.0
-150000 80.0
-140000 88.0
-130000 92.0
-120000 80.0
-110000 92.0
-100000 88.0
-90000 100.0
-80000 92.0
-70000 100.0
-60000 92.0
-50000 96.0
-40000 92.0
-30000 92.0
-20000 92.0
-10000 88.0
0 88.0
10000 84.0
20000 68.0
30000 80.0
40000 80.0
50000 84.0
60000 80.0
70000 84.0
80000 76.0
90000 80.0
100000 84.0
110000 92.0
120000 80.0
130000 84.0
140000 84.0
150000 80.0
160000 92.0
170000 100.0
180000 88.0
190000 84.0
200000 76.0
210000 92.0
220000 76.0
230000 92.0
240000 88.0
250000 88.0
260000 92.0
270000 88.0
280000 88.0
290000 80.0
300000 92.0
310000 84.0
320000 80.0
330000 88.0
340000 88.0
350000 84.0
360000 100.0
370000 84.0
380000 88.0
390000 96.0
400000 84.0
410000 92.0
420000 88.0
430000 100.0
440000 84.0
450000 96.0
460000 84.0
470000 92.0
480000 80.0
490000 92.0
500000 92.0
510000 100.0
520000 92.0
530000 80.0
540000 96.0
550000 92.0
560000 84.0
570000 88.0
580000 92.0
590000 80.0
600000 88.0
610000 92.0
620000 96.0
630000 96.0
640000 100.0
650000 92.0
660000 96.0
670000 92.0
680000 100.0
690000 92.0
700000 96.0
710000 92.0
720000 96.0
730000 88.0
740000 96.0
750000 92.0
760000 96.0
770000 96.0
780000 76.0
790000 56.0
800000 80.0
810000 92.0
820000 96.0
830000 96.0
840000 88.0
850000 92.0
860000 92.0
870000 84.0
880000 76.0
890000 80.0
900000 88.0
910000 64.0
920000 80.0
930000 96.0
940000 88.0
950000 88.0
960000 92.0
970000 88.0
980000 96.0
990000 100.0
1000000 88.0
