-990000 0.0
-980000 0.0
-970000 4.0
-960000 8.0
-950000 40.0
-940000 80.0
-930000 76.0
-920000 92.0
-910000 80.0
-900000 80.0
-890000 100.0
-880000 76.0
-870000 92.0
-860000 92.0
-850000 72.0
-840000 88.0
-830000 88.0
-820000 76.0
-810000 80.0
-800000 88.0
-790000 80.0
-780000 76.0
-770000 72.0
-760000 84.0
-750000 84.0
-740000 84.0
-730000 80.0
-720000 96.0
-710000 80.0
-700000 88.0
-690000 84.0
-680000 88.0
-670000 88.0
-660000 84.0
-650000 92.0
-640000 88.0
-630000 80.0
-620000 84.0
-610000 88.0
-600000 84.0
-590000 84.0
-580000 88.0
-570000 96.0
-560000 84.0
-550000 92.0
-540000 84.0
-530000 80.0
-520000 96.0
-510000 88.0
-500000 92.0
-490000 80.0
-480000 84.0
-470000 76.0
-460000 80.0
-450000 76.0
-440000 96.0
-430000 76.0
-420000 84.0
-410000 88.0
-400000 92.0
-390000 96.0
-380000 84.0
-370000 92.0
-360000 80.0
-350000 80.0
-340000 88.0
-330000 92.0
-320000 76.0
-310000 76.0
-300000 80.0
-290000 96.0
-280000 84.0
-270000 76.0
-260000 64.0
-250000 92.0
-240000 96.0
-230000 84.0
-220000 76.0
-210000 76.0
-200000 84.0
-190000 92.0
-180000 76.0
-170000 68.0
-160000 88.0
-150000 92.0
-140000 80.0
-130000 68.0
-120000 88.0
-110000 80.0
-100000 72.0
-90000 84.0
-80000 76.0
-70000 80.0
-60000 80.0
-50000 76.0
-40000 64.0
-30000 76.0
-20000 84.0
-10000 60.0
0 88.0
10000 84.0
20000 84.0
30000 80.0
40000 80.0
50000 76.0
60000 72.0
70000 64.0
80000 72.0
90000 72.0
100000 68.0
110000 80.0
120000 68.0
130000 56.0
140000 64.0
150000 84.0
160000 84.0
170000 92.0
180000 84.0
190000 76.0
200000 72.0
210000 76.0
220000 72.0
230000 72.0
240000 76.0
250000 76.0
260000 80.0
270000 92.0
280000 72.0
290000 72.0
300000 84.0
310000 80.0
320000 84.0
330000 96.0
340000 88.0
350000 100.0
360000 88.0
370000 72.0
380000 92.0
390000 72.0
400000 80.0
410000 60.0
420000 92.0
430000 72.0
440000 88.0
450000 88.0
460000 68.0
470000 52.0
480000 56.0
490000 80.0
500000 72.0
510000 76.0
520000 88.0
530000 60.0
540000 92.0
550000 88.0
560000 100.0
570000 80.0
580000 56.0
590000 80.0
600000 88.0
610000 96.0
620000 72.0
630000 84.0
640000 72.0
650000 76.0
660000 84.0
670000 92.0
680000 68.0
690000 80.0
700000 84.0
710000 80.0
720000 80.0
730000 84.0
740000 84.0
750000 84.0
760000 80.0
770000 80.0
780000 96.0
790000 80.0
800000 84.0
810000 76.0
820000 72.0
830000 100.0
840000 88.0
850000 88.0
860000 80.0
870000 80.0
880000 88.0
890000 84.0
900000 76.0
910000 84.0
920000 88.0
930000 80.0
940000 84.0
950000 76.0
960000 60.0
970000 84.0
980000 56.0
990000 76.0
1000000 80.0
