-990000 0.0
-980000 0.0
-970000 0.0
-960000 0.0
-950000 0.0
-940000 56.0
-930000 64.0
-920000 44.0
-910000 68.0
-900000 56.0
-890000 88.0
-880000 72.0
-870000 48.0
-860000 80.0
-850000 64.0
-840000 72.0
-830000 84.0
-820000 76.0
-810000 68.0
-800000 84.0
-790000 80.0
-780000 96.0
-770000 76.0
-760000 84.0
-750000 84.0
-740000 92.0
-730000 76.0
-720000 80.0
-710000 92.0
-700000 60.0
-690000 72.0
-680000 96.0
-670000 88.0
-660000 88.0
-650000 68.0
-640000 56.0
-630000 88.0
-620000 84.0
-610000 80.0
-600000 80.0
-590000 96.0
-580000 88.0
-570000 96.0
-560000 88.0
-550000 92.0
-540000 80.0
-530000 76.0
-520000 84.0
-510000 96.0
-500000 88.0
-490000 84.0
-480000 80.0
-470000 92.0
-460000 80.0
-450000 88.0
-440000 68.0
-430000 72.0
-420000 96.0
-410000 96.0
-400000 68.0
-390000 84.0
-380000 88.0
-370000 96.0
-360000 92.0
-350000 88.0
-340000 92.0
-330000 80.0
-320000 88.0
-310000 88.0
-300000 88.0
-290000 72.0
-280000 92.0
-270000 92.0
-260000 88.0
-250000 96.0
-240000 84.0
-230000 100.0
-220000 92.0
-210000 84.0
-200000 80.0
-190000 96.0
-180000 92.0
-170000 84.0
-160000 88.0
-150000 80.0
-140000 100.0
-130000 92.0
-120000 96.0
-110000 92.0
-100000 100.0
-90000 96.0
-80000 96.0
-70000 80.0
-60000 96.0
-50000 100.0
-40000 92.0
-30000 92.0
-20000 96.0
-10000 84.0
0 88.0
10000 88.0
20000 80.0
30000 80.0
40000 84.0
50000 80.0
60000 92.0
70000 80.0
80000 84.0
90000 72.0
100000 76.0
110000 88.0
120000 88.0
130000 80.0
140000 88.0
150000 88.0
160000 92.0
170000 80.0
180000 92.0
190000 88.0
200000 84.0
210000 84.0
220000 88.0
230000 92.0
240000 100.0
250000 96.0
260000 92.0
270000 96.0
280000 92.0
290000 84.0
300000 92.0
310000 88.0
320000 92.0
330000 80.0
340000 84.0
350000 80.0
360000 80.0
370000 92.0
380000 92.0
390000 84.0
400000 88.0
410000 96.0
420000 84.0
430000 84.0
440000 84.0
450000 84.0
460000 88.0
470000 92.0
480000 92.0
490000 84.0
500000 96.0
510000 92.0
520000 88.0
530000 92.0
540000 96.0
550000 84.0
560000 84.0
570000 88.0
580000 92.0
590000 84.0
600000 88.0
610000 88.0
620000 96.0
630000 80.0
640000 100.0
650000 92.0
660000 84.0
670000 92.0
680000 88.0
690000 100.0
700000 84.0
710000 88.0
720000 92.0
730000 88.0
740000 96.0
750000 80.0
760000 96.0
770000 92.0
780000 88.0
790000 88.0
800000 76.0
810000 92.0
820000 92.0
830000 92.0
840000 92.0
850000 88.0
860000 92.0
870000 96.0
880000 80.0
890000 92.0
900000 88.0
910000 88.0
920000 92.0
930000 96.0
940000 80.0
950000 96.0
960000 88.0
970000 88.0
980000 96.0
990000 80.0
1000000 84.0
