-990000 0.0
-980000 0.0
-970000 4.0
-960000 4.0
-950000 12.0
-940000 80.0
-930000 76.0
-920000 72.0
-910000 84.0
-900000 84.0
-890000 76.0
-880000 88.0
-870000 100.0
-860000 76.0
-850000 72.0
-840000 92.0
-830000 76.0
-820000 76.0
-810000 88.0
-800000 64.0
-790000 88.0
-780000 88.0
-770000 68.0
-760000 84.0
-750000 76.0
-740000 88.0
-730000 76.0
-720000 84.0
-710000 72.0
-700000 76.0
-690000 88.0
-680000 100.0
-670000 84.0
-660000 80.0
-650000 80.0
-640000 76.0
-630000 72.0
-620000 92.0
-610000 88.0
-600000 88.0
-590000 88.0
-580000 84.0
-570000 76.0
-560000 88.0
-550000 92.0
-540000 72.0
-530000 88.0
-520000 88.0
-510000 88.0
-500000 84.0
-490000 68.0
-480000 64.0
-470000 72.0
-460000 84.0
-450000 100.0
-440000 84.0
-430000 84.0
-420000 72.0
-410000 88.0
-400000 96.0
-390000 84.0
-380000 88.0
-370000 84.0
-360000 80.0
-350000 72.0
-340000 96.0
-330000 64.0
-320000 76.0
-310000 84.0
-300000 88.0
-290000 84.0
-280000 84.0
-270000 80.0
-260000 68.0
-250000 96.0
-240000 80.0
-230000 68.0
-220000 84.0
-210000 84.0
-200000 88.0
-190000 80.0
-180000 84.0
-170000 80.0
-160000 72.0
-150000 68.0
-140000 88.0
-130000 64.0
-120000 84.0
-110000 88.0
-100000 68.0
-90000 88.0
-80000 76.0
-70000 76.0
-60000 80.0
-50000 88.0
-40000 88.0
-30000 88.0
-20000 80.0
-10000 84.0
0 80.0
10000 76.0
20000 80.0
30000 64.0
40000 80.0
50000 36.0
60000 64.0
70000 36.0
80000 56.0
90000 52.0
100000 56.0
110000 60.0
120000 56.0
130000 84.0
140000 92.0
150000 80.0
160000 56.0
170000 56.0
180000 56.0
190000 64.0
200000 48.0
210000 24.0
220000 32.0
230000 32.0
240000 12.0
250000 80.0
260000 36.0
270000 52.0
280000 52.0
290000 4.0
300000 24.0
310000 28.0
320000 28.0
330000 64.0
340000 36.0
350000 16.0
360000 64.0
370000 28.0
380000 40.0
390000 76.0
400000 60.0
410000 80.0
420000 68.0
430000 44.0
440000 48.0
450000 76.0
460000 52.0
470000 48.0
480000 56.0
490000 72.0
500000 60.0
510000 64.0
520000 92.0
530000 72.0
540000 28.0
550000 24.0
560000 32.0
570000 36.0
580000 40.0
590000 28.0
600000 20.0
610000 20.0
620000 44.0
630000 8.0
640000 52.0
650000 40.0
660000 44.0
670000 32.0
680000 36.0
690000 16.0
700000 24.0
710000 36.0
720000 20.0
730000 24.0
740000 32.0
750000 28.0
760000 36.0
770000 28.0
780000 24.0
790000 40.0
800000 24.0
810000 48.0
820000 44.0
830000 24.0
840000 40.0
850000 40.0
860000 16.0
870000 48.0
880000 60.0
890000 40.0
900000 52.0
910000 32.0
920000 28.0
930000 36.0
940000 24.0
950000 24.0
960000 20.0
970000 44.0
980000 28.0
990000 48.0
1000000 40.0
