-990000 0.0
-980000 12.0
-970000 64.0
-960000 48.0
-950000 60.0
-940000 60.0
-930000 68.0
-920000 72.0
-910000 64.0
-900000 68.0
-890000 60.0
-880000 76.0
-870000 60.0
-860000 64.0
-850000 48.0
-840000 68.0
-830000 48.0
-820000 56.0
-810000 68.0
-800000 68.0
-790000 60.0
-780000 72.0
-770000 52.0
-760000 68.0
-750000 72.0
-740000 56.0
-730000 56.0
-720000 56.0
-710000 64.0
-700000 56.0
-690000 72.0
-680000 72.0
-670000 48.0
-660000 60.0
-650000 60.0
-640000 64.0
-630000 56.0
-620000 64.0
-610000 76.0
-600000 64.0
-590000 60.0
-580000 68.0
-570000 40.0
-560000 52.0
-550000 68.0
-540000 44.0
-530000 52.0
-520000 72.0
-510000 72.0
-500000 60.0
-490000 48.0
-480000 56.0
-470000 76.0
-460000 40.0
-450000 64.0
-440000 64.0
-430000 64.0
-420000 64.0
-410000 40.0
-400000 56.0
-390000 72.0
-380000 76.0
-370000 60.0
-360000 52.0
-350000 48.0
-340000 68.0
-330000 60.0
-320000 72.0
-310000 52.0
-300000 68.0
-290000 68.0
-280000 60.0
-270000 64.0
-260000 64.0
-250000 64.0
-240000 56.0
-230000 68.0
-220000 68.0
-210000 68.0
-200000 44.0
-190000 60.0
-180000 60.0
-170000 72.0
-160000 76.0
-150000 68.0
-140000 64.0
-130000 60.0
-120000 60.0
-110000 80.0
-100000 56.0
-90000 64.0
-80000 60.0
-70000 60.0
-60000 56.0
-50000 52.0
-40000 60.0
-30000 72.0
-20000 52.0
-10000 56.0
0 48.0
10000 44.0
20000 60.0
30000 72.0
40000 84.0
50000 60.0
60000 68.0
70000 76.0
80000 32.0
90000 52.0
100000 36.0
110000 36.0
120000 72.0
130000 32.0
140000 20.0
150000 36.0
160000 12.0
170000 36.0
180000 24.0
190000 36.0
200000 48.0
210000 20.0
220000 32.0
230000 36.0
240000 36.0
250000 44.0
260000 24.0
270000 28.0
280000 24.0
290000 12.0
300000 28.0
310000 16.0
320000 16.0
330000 40.0
340000 24.0
350000 24.0
360000 24.0
370000 24.0
380000 28.0
390000 12.0
400000 12.0
410000 20.0
420000 28.0
430000 20.0
440000 12.0
450000 20.0
460000 12.0
470000 44.0
480000 36.0
490000 20.0
500000 36.0
510000 60.0
520000 48.0
530000 48.0
540000 36.0
550000 48.0
560000 36.0
570000 20.0
580000 48.0
590000 56.0
600000 56.0
610000 64.0
620000 52.0
630000 56.0
640000 48.0
650000 56.0
660000 60.0
670000 68.0
680000 48.0
690000 60.0
700000 68.0
710000 44.0
720000 60.0
730000 44.0
740000 44.0
750000 44.0
760000 64.0
770000 56.0
780000 64.0
790000 32.0
800000 52.0
810000 32.0
820000 60.0
830000 64.0
840000 52.0
850000 52.0
860000 60.0
870000 48.0
880000 60.0
890000 36.0
900000 60.0
910000 52.0
920000 52.0
930000 56.0
940000 64.0
950000 64.0
960000 40.0
970000 68.0
980000 68.0
990000 64.0
1000000 64.0
