-990000 0.0
-980000 12.0
-970000 12.0
-960000 32.0
-950000 64.0
-940000 64.0
-930000 44.0
-920000 56.0
-910000 60.0
-900000 60.0
-890000 76.0
-880000 72.0
-870000 44.0
-860000 68.0
-850000 84.0
-840000 84.0
-830000 88.0
-820000 72.0
-810000 64.0
-800000 84.0
-790000 72.0
-780000 76.0
-770000 72.0
-760000 84.0
-750000 88.0
-740000 80.0
-730000 80.0
-720000 76.0
-710000 84.0
-700000 84.0
-690000 88.0
-680000 88.0
-670000 72.0
-660000 68.0
-650000 84.0
-640000 76.0
-630000 88.0
-620000 84.0
-610000 68.0
-600000 76.0
-590000 88.0
-580000 76.0
-570000 64.0
-560000 76.0
-550000 72.0
-540000 72.0
-530000 84.0
-520000 68.0
-510000 72.0
-500000 56.0
-490000 84.0
-480000 76.0
-470000 88.0
-460000 84.0
-450000 88.0
-440000 84.0
-430000 84.0
-420000 76.0
-410000 84.0
-400000 88.0
-390000 84.0
-380000 80.0
-370000 84.0
-360000 72.0
-350000 84.0
-340000 72.0
-330000 100.0
-320000 72.0
-310000 80.0
-300000 88.0
-290000 76.0
-280000 76.0
-270000 64.0
-260000 100.0
-250000 80.0
-240000 68.0
-230000 72.0
-220000 80.0
-210000 84.0
-200000 80.0
-190000 68.0
-180000 68.0
-170000 80.0
-160000 84.0
-150000 88.0
-140000 76.0
-130000 88.0
-120000 84.0
-110000 88.0
-100000 80.0
-90000 72.0
-80000 68.0
-70000 84.0
-60000 68.0
-50000 76.0
-40000 68.0
-30000 76.0
-20000 68.0
-10000 64.0
0 76.0
10000 76.0
20000 68.0
30000 68.0
40000 52.0
50000 48.0
60000 56.0
70000 80.0
80000 60.0
90000 64.0
100000 80.0
110000 68.0
120000 76.0
130000 84.0
140000 60.0
150000 92.0
160000 92.0
170000 84.0
180000 68.0
190000 80.0
200000 72.0
210000 92.0
220000 100.0
230000 84.0
240000 76.0
250000 88.0
260000 88.0
270000 84.0
280000 76.0
290000 80.0
300000 88.0
310000 96.0
320000 100.0
330000 80.0
340000 84.0
350000 68.0
360000 80.0
370000 84.0
380000 60.0
390000 80.0
400000 72.0
410000 92.0
420000 80.0
430000 68.0
440000 72.0
450000 84.0
460000 92.0
470000 84.0
480000 84.0
490000 76.0
500000 92.0
510000 76.0
520000 76.0
530000 92.0
540000 72.0
550000 80.0
560000 80.0
570000 80.0
580000 72.0
590000 88.0
600000 84.0
610000 92.0
620000 80.0
630000 88.0
640000 88.0
650000 88.0
660000 84.0
670000 76.0
680000 76.0
690000 88.0
700000 88.0
710000 92.0
720000 72.0
730000 80.0
740000 84.0
750000 80.0
760000 80.0
770000 88.0
780000 76.0
790000 84.0
800000 92.0
810000 92.0
820000 92.0
830000 80.0
840000 88.0
850000 80.0
860000 84.0
870000 88.0
880000 76.0
890000 76.0
900000 88.0
910000 84.0
920000 76.0
930000 92.0
940000 92.0
950000 92.0
960000 84.0
970000 88.0
980000 88.0
990000 80.0
1000000 96.0
