-990000 0.0
-980000 0.0
-970000 0.0
-960000 0.0
-950000 60.0
-940000 64.0
-930000 72.0
-920000 76.0
-910000 48.0
-900000 60.0
-890000 64.0
-880000 88.0
-870000 80.0
-860000 64.0
-850000 76.0
-840000 56.0
-830000 84.0
-820000 88.0
-810000 64.0
-800000 72.0
-790000 76.0
-780000 76.0
-770000 76.0
-760000 72.0
-750000 92.0
-740000 64.0
-730000 84.0
-720000 76.0
-710000 72.0
-700000 92.0
-690000 56.0
-680000 88.0
-670000 68.0
-660000 76.0
-650000 92.0
-640000 88.0
-630000 84.0
-620000 80.0
-610000 68.0
-600000 72.0
-590000 52.0
-580000 92.0
-570000 92.0
-560000 88.0
-550000 88.0
-540000 68.0
-530000 76.0
-520000 92.0
-510000 92.0
-500000 96.0
-490000 88.0
-480000 96.0
-470000 100.0
-460000 76.0
-450000 84.0
-440000 76.0
-430000 80.0
-420000 92.0
-410000 88.0
-400000 56.0
-390000 80.0
-380000 92.0
-370000 84.0
-360000 84.0
-350000 80.0
-340000 92.0
-330000 96.0
-320000 76.0
-310000 88.0
-300000 92.0
-290000 84.0
-280000 92.0
-270000 88.0
-260000 100.0
-250000 80.0
-240000 80.0
-230000 88.0
-220000 100.0
-210000 88.0
-200000 92.0
-190000 88.0
-180000 88.0
-170000 88.0
-160000 88.0
-150000 92.0
-140000 88.0
-130000 84.0
-120000 84.0
-110000 96.0
-100000 92.0
-90000 80.0
-80000 92.0
-70000 80.0
-60000 84.0
-50000 88.0
-40000 80.0
-30000 92.0
-20000 76.0
-10000 96.0
0 96.0
10000 88.0
20000 88.0
30000 40.0
40000 48.0
50000 40.0
60000 92.0
70000 68.0
80000 56.0
90000 60.0
100000 88.0
110000 68.0
120000 76.0
130000 76.0
140000 88.0
150000 72.0
160000 80.0
170000 76.0
180000 92.0
190000 68.0
200000 88.0
210000 84.0
220000 84.0
230000 96.0
240000 76.0
250000 92.0
260000 92.0
270000 88.0
280000 24.0
290000 84.0
300000 68.0
310000 84.0
320000 76.0
330000 88.0
340000 84.0
350000 80.0
360000 88.0
370000 84.0
380000 96.0
390000 84.0
400000 72.0
410000 84.0
420000 84.0
430000 60.0
440000 84.0
450000 92.0
460000 84.0
470000 96.0
480000 76.0
490000 92.0
500000 92.0
510000 92.0
520000 76.0
530000 100.0
540000 88.0
550000 60.0
560000 92.0
570000 76.0
580000 100.0
590000 92.0
600000 84.0
610000 76.0
620000 100.0
630000 92.0
640000 92.0
650000 80.0
660000 88.0
670000 100.0
680000 96.0
690000 84.0
700000 84.0
710000 88.0
720000 96.0
730000 92.0
740000 92.0
750000 92.0
760000 92.0
770000 100.0
780000 92.0
790000 80.0
800000 100.0
810000 96.0
820000 100.0
830000 96.0
840000 92.0
850000 92.0
860000 96.0
870000 96.0
880000 96.0
890000 92.0
900000 88.0
910000 92.0
920000 96.0
930000 92.0
940000 100.0
950000 92.0
960000 96.0
970000 96.0
980000 80.0
990000 100.0
1000000 92.0
