-990000 0.0
-980000 0.0
-970000 0.0
-960000 20.0
-950000 20.0
-940000 64.0
-930000 64.0
-920000 52.0
-910000 80.0
-900000 68.0
-890000 72.0
-880000 84.0
-870000 68.0
-860000 84.0
-850000 80.0
-840000 80.0
-830000 60.0
-820000 68.0
-810000 64.0
-800000 76.0
-790000 84.0
-780000 56.0
-770000 68.0
-760000 80.0
-750000 80.0
-740000 72.0
-730000 96.0
-720000 76.0
-710000 80.0
-700000 76.0
-690000 68.0
-680000 72.0
-670000 92.0
-660000 72.0
-650000 84.0
-640000 84.0
-630000 84.0
-620000 84.0
-610000 96.0
-600000 84.0
-590000 92.0
-580000 76.0
-570000 80.0
-560000 80.0
-550000 84.0
-540000 84.0
-530000 68.0
-520000 76.0
-510000 80.0
-500000 92.0
-490000 92.0
-480000 72.0
-470000 88.0
-460000 84.0
-450000 88.0
-440000 84.0
-430000 80.0
-420000 92.0
-410000 76.0
-400000 92.0
-390000 76.0
-380000 76.0
-370000 80.0
-360000 76.0
-350000 68.0
-340000 72.0
-330000 92.0
-320000 92.0
-310000 88.0
-300000 88.0
-290000 76.0
-280000 72.0
-270000 64.0
-260000 76.0
-250000 84.0
-240000 84.0
-230000 88.0
-220000 68.0
-210000 84.0
-200000 84.0
-190000 84.0
-180000 88.0
-170000 76.0
-160000 68.0
-150000 88.0
-140000 84.0
-130000 76.0
-120000 80.0
-110000 64.0
-100000 88.0
-90000 80.0
-80000 68.0
-70000 72.0
-60000 64.0
-50000 80.0
-40000 68.0
-30000 84.0
-20000 84.0
-10000 84.0
0 76.0
10000 56.0
20000 76.0
30000 64.0
40000 68.0
50000 48.0
60000 64.0
70000 80.0
80000 68.0
90000 80.0
100000 84.0
110000 68.0
120000 88.0
130000 80.0
140000 80.0
150000 88.0
160000 80.0
170000 80.0
180000 88.0
190000 72.0
200000 92.0
210000 76.0
220000 84.0
230000 88.0
240000 72.0
250000 80.0
260000 68.0
270000 88.0
280000 84.0
290000 80.0
300000 68.0
310000 88.0
320000 68.0
330000 80.0
340000 68.0
350000 80.0
360000 80.0
370000 84.0
380000 80.0
390000 80.0
400000 84.0
410000 96.0
420000 76.0
430000 80.0
440000 76.0
450000 88.0
460000 88.0
470000 80.0
480000 76.0
490000 84.0
500000 80.0
510000 84.0
520000 84.0
530000 80.0
540000 80.0
550000 92.0
560000 88.0
570000 80.0
580000 96.0
590000 80.0
600000 84.0
610000 88.0
620000 80.0
630000 88.0
640000 80.0
650000 76.0
660000 84.0
670000 80.0
680000 88.0
690000 88.0
700000 84.0
710000 92.0
720000 88.0
730000 68.0
740000 64.0
750000 84.0
760000 88.0
770000 92.0
780000 76.0
790000 84.0
800000 84.0
810000 92.0
820000 76.0
830000 80.0
840000 76.0
850000 88.0
860000 72.0
870000 76.0
880000 96.0
890000 84.0
900000 84.0
910000 92.0
920000 84.0
930000 80.0
940000 76.0
950000 96.0
960000 84.0
970000 80.0
980000 84.0
990000 88.0
1000000 80.0
