-990000 0.0
-980000 8.0
-970000 0.0
-960000 8.0
-950000 36.0
-940000 44.0
-930000 76.0
-920000 76.0
-910000 64.0
-900000 84.0
-890000 56.0
-880000 72.0
-870000 80.0
-860000 80.0
-850000 96.0
-840000 76.0
-830000 72.0
-820000 76.0
-810000 68.0
-800000 84.0
-790000 84.0
-780000 72.0
-770000 76.0
-760000 84.0
-750000 76.0
-740000 76.0
-730000 64.0
-720000 68.0
-710000 88.0
-700000 88.0
-690000 80.0
-680000 84.0
-670000 80.0
-660000 92.0
-650000 80.0
-640000 88.0
-630000 76.0
-620000 92.0
-610000 72.0
-600000 84.0
-590000 76.0
-580000 72.0
-570000 68.0
-560000 76.0
-550000 80.0
-540000 80.0
-530000 88.0
-520000 80.0
-510000 88.0
-500000 84.0
-490000 80.0
-480000 60.0
-470000 88.0
-460000 80.0
-450000 72.0
-440000 76.0
-430000 84.0
-420000 92.0
-410000 92.0
-400000 76.0
-390000 76.0
-380000 80.0
-370000 68.0
-360000 76.0
-350000 80.0
-340000 84.0
-330000 88.0
-320000 84.0
-310000 76.0
-300000 76.0
-290000 88.0
-280000 88.0
-270000 76.0
-260000 92.0
-250000 72.0
-240000 76.0
-230000 88.0
-220000 68.0
-210000 92.0
-200000 80.0
-190000 76.0
-180000 84.0
-170000 88.0
-160000 76.0
-150000 76.0
-140000 76.0
-130000 76.0
-120000 64.0
-110000 76.0
-100000 68.0
-90000 80.0
-80000 92.0
-70000 76.0
-60000 72.0
-50000 72.0
-40000 80.0
-30000 80.0
-20000 92.0
-10000 88.0
0 64.0
10000 76.0
20000 80.0
30000 88.0
40000 68.0
50000 60.0
60000 64.0
70000 72.0
80000 60.0
90000 64.0
100000 88.0
110000 76.0
120000 76.0
130000 84.0
140000 80.0
150000 80.0
160000 80.0
170000 88.0
180000 80.0
190000 88.0
200000 88.0
210000 88.0
220000 84.0
230000 96.0
240000 88.0
250000 80.0
260000 88.0
270000 92.0
280000 92.0
290000 80.0
300000 60.0
310000 84.0
320000 88.0
330000 84.0
340000 80.0
350000 84.0
360000 88.0
370000 80.0
380000 76.0
390000 84.0
400000 88.0
410000 72.0
420000 72.0
430000 80.0
440000 76.0
450000 68.0
460000 92.0
470000 76.0
480000 80.0
490000 84.0
500000 80.0
510000 72.0
520000 80.0
530000 84.0
540000 68.0
550000 88.0
560000 84.0
570000 88.0
580000 88.0
590000 100.0
600000 92.0
610000 84.0
620000 88.0
630000 88.0
640000 76.0
650000 68.0
660000 84.0
670000 88.0
680000 84.0
690000 84.0
700000 100.0
710000 84.0
720000 84.0
730000 80.0
740000 84.0
750000 80.0
760000 92.0
770000 88.0
780000 88.0
790000 88.0
800000 88.0
810000 84.0
820000 68.0
830000 92.0
840000 88.0
850000 92.0
860000 88.0
870000 88.0
880000 84.0
890000 84.0
900000 80.0
910000 72.0
920000 88.0
930000 80.0
940000 88.0
950000 84.0
960000 92.0
970000 84.0
980000 84.0
990000 76.0
1000000 88.0
