-990000 0.0
-980000 0.0
-970000 0.0
-960000 0.0
-950000 44.0
-940000 60.0
-930000 44.0
-920000 80.0
-910000 68.0
-900000 32.0
-890000 84.0
-880000 80.0
-870000 76.0
-860000 88.0
-850000 56.0
-840000 80.0
-830000 80.0
-820000 76.0
-810000 84.0
-800000 76.0
-790000 88.0
-780000 76.0
-770000 68.0
-760000 84.0
-750000 80.0
-740000 76.0
-730000 80.0
-720000 84.0
-710000 92.0
-700000 88.0
-690000 84.0
-680000 68.0
-670000 100.0
-660000 80.0
-650000 76.0
-640000 84.0
-630000 88.0
-620000 92.0
-610000 88.0
-600000 96.0
-590000 92.0
-580000 76.0
-570000 92.0
-560000 88.0
-550000 88.0
-540000 96.0
-530000 92.0
-520000 88.0
-510000 92.0
-500000 72.0
-490000 92.0
-480000 88.0
-470000 96.0
-460000 80.0
-450000 92.0
-440000 96.0
-430000 76.0
-420000 92.0
-410000 88.0
-400000 88.0
-390000 100.0
-380000 92.0
-370000 92.0
-360000 92.0
-350000 88.0
-340000 84.0
-330000 68.0
-320000 100.0
-310000 88.0
-300000 88.0
-290000 92.0
-280000 84.0
-270000 76.0
-260000 96.0
-250000 96.0
-240000 88.0
-230000 88.0
-220000 96.0
-210000 92.0
-200000 88.0
-190000 96.0
-180000 80.0
-170000 100.0
-160000 88.0
-150000 84.0
-140000 88.0
-130000 84.0
-120000 88.0
-110000 92.0
-100000 88.0
-90000 96.0
-80000 92.0
-70000 96.0
-60000 96.0
-50000 88.0
-40000 72.0
-30000 80.0
-20000 92.0
-10000 96.0
0 88.0
10000 96.0
20000 96.0
30000 76.0
40000 40.0
50000 48.0
60000 44.0
70000 80.0
80000 76.0
90000 84.0
100000 76.0
110000 36.0
120000 76.0
130000 68.0
140000 76.0
150000 88.0
160000 68.0
170000 72.0
180000 96.0
190000 92.0
200000 80.0
210000 84.0
220000 76.0
230000 84.0
240000 92.0
250000 72.0
260000 92.0
270000 92.0
280000 92.0
290000 88.0
300000 72.0
310000 88.0
320000 80.0
330000 96.0
340000 88.0
350000 92.0
360000 96.0
370000 84.0
380000 96.0
390000 96.0
400000 88.0
410000 80.0
420000 100.0
430000 64.0
440000 92.0
450000 92.0
460000 88.0
470000 96.0
480000 96.0
490000 96.0
500000 88.0
510000 96.0
520000 64.0
530000 92.0
540000 84.0
550000 80.0
560000 100.0
570000 88.0
580000 84.0
590000 88.0
600000 92.0
610000 88.0
620000 92.0
630000 96.0
640000 96.0
650000 76.0
660000 92.0
670000 96.0
680000 100.0
690000 92.0
700000 88.0
710000 100.0
720000 100.0
730000 92.0
740000 92.0
750000 92.0
760000 96.0
770000 96.0
780000 88.0
790000 88.0
800000 88.0
810000 96.0
820000 96.0
830000 88.0
840000 100.0
850000 96.0
860000 96.0
870000 96.0
880000 100.0
890000 80.0
900000 92.0
910000 92.0
920000 96.0
930000 100.0
940000 100.0
950000 92.0
960000 92.0
970000 96.0
980000 96.0
990000 96.0
1000000 96.0
