-990000 0.0
-980000 0.0
-970000 0.0
-960000 8.0
-950000 20.0
-940000 20.0
-930000 40.0
-920000 20.0
-910000 56.0
-900000 56.0
-890000 68.0
-880000 80.0
-870000 80.0
-860000 64.0
-850000 44.0
-840000 56.0
-830000 72.0
-820000 80.0
-810000 64.0
-800000 72.0
-790000 88.0
-780000 68.0
-770000 64.0
-760000 84.0
-750000 80.0
-740000 68.0
-730000 76.0
-720000 72.0
-710000 60.0
-700000 76.0
-690000 84.0
-680000 76.0
-670000 88.0
-660000 84.0
-650000 64.0
-640000 72.0
-630000 64.0
-620000 76.0
-610000 88.0
-600000 80.0
-590000 76.0
-580000 76.0
-570000 80.0
-560000 84.0
-550000 72.0
-540000 84.0
-530000 60.0
-520000 88.0
-510000 84.0
-500000 80.0
-490000 76.0
-480000 84.0
-470000 76.0
-460000 84.0
-450000 80.0
-440000 68.0
-430000 64.0
-420000 76.0
-410000 80.0
-400000 64.0
-390000 84.0
-380000 88.0
-370000 76.0
-360000 72.0
-350000 92.0
-340000 88.0
-330000 88.0
-320000 72.0
-310000 88.0
-300000 80.0
-290000 68.0
-280000 96.0
-270000 80.0
-260000 72.0
-250000 80.0
-240000 76.0
-230000 88.0
-220000 80.0
-210000 80.0
-200000 80.0
-190000 88.0
-180000 72.0
-170000 64.0
-160000 80.0
-150000 68.0
-140000 80.0
-130000 72.0
-120000 76.0
-110000 68.0
-100000 80.0
-90000 88.0
-80000 72.0
-70000 88.0
-60000 84.0
-50000 84.0
-40000 64.0
-30000 76.0
-20000 80.0
-10000 88.0
0 72.0
10000 72.0
20000 72.0
30000 88.0
40000 76.0
50000 56.0
60000 40.0
70000 48.0
80000 56.0
90000 56.0
100000 52.0
110000 48.0
120000 72.0
130000 40.0
140000 36.0
150000 72.0
160000 76.0
170000 76.0
180000 84.0
190000 92.0
200000 72.0
210000 76.0
220000 72.0
230000 92.0
240000 92.0
250000 68.0
260000 84.0
270000 64.0
280000 84.0
290000 80.0
300000 88.0
310000 68.0
320000 80.0
330000 76.0
340000 68.0
350000 80.0
360000 68.0
370000 80.0
380000 84.0
390000 88.0
400000 84.0
410000 76.0
420000 84.0
430000 76.0
440000 88.0
450000 84.0
460000 84.0
470000 60.0
480000 76.0
490000 72.0
500000 72.0
510000 80.0
520000 64.0
530000 88.0
540000 64.0
550000 84.0
560000 88.0
570000 72.0
580000 92.0
590000 76.0
600000 88.0
610000 84.0
620000 80.0
630000 80.0
640000 80.0
650000 88.0
660000 84.0
670000 80.0
680000 96.0
690000 72.0
700000 72.0
710000 76.0
720000 68.0
730000 76.0
740000 80.0
750000 76.0
760000 88.0
770000 76.0
780000 80.0
790000 84.0
800000 92.0
810000 80.0
820000 80.0
830000 88.0
840000 96.0
850000 76.0
860000 96.0
870000 80.0
880000 80.0
890000 80.0
900000 84.0
910000 88.0
920000 84.0
930000 80.0
940000 76.0
950000 76.0
960000 68.0
970000 84.0
980000 88.0
990000 88.0
1000000 84.0
