-990000 0.0
-980000 0.0
-970000 0.0
-960000 0.0
-950000 0.0
-940000 8.0
-930000 4.0
-920000 20.0
-910000 60.0
-900000 44.0
-890000 80.0
-880000 68.0
-870000 80.0
-860000 76.0
-850000 80.0
-840000 64.0
-830000 84.0
-820000 84.0
-810000 64.0
-800000 88.0
-790000 84.0
-780000 76.0
-770000 84.0
-760000 88.0
-750000 84.0
-740000 76.0
-730000 68.0
-720000 76.0
-710000 88.0
-700000 88.0
-690000 56.0
-680000 76.0
-670000 72.0
-660000 76.0
-650000 64.0
-640000 64.0
-630000 92.0
-620000 68.0
-610000 88.0
-600000 80.0
-590000 88.0
-580000 72.0
-570000 96.0
-560000 84.0
-550000 56.0
-540000 96.0
-530000 92.0
-520000 92.0
-510000 72.0
-500000 76.0
-490000 84.0
-480000 92.0
-470000 96.0
-460000 80.0
-450000 88.0
-440000 76.0
-430000 80.0
-420000 72.0
-410000 92.0
-400000 80.0
-390000 88.0
-380000 88.0
-370000 84.0
-360000 96.0
-350000 96.0
-340000 84.0
-330000 72.0
-320000 72.0
-310000 96.0
-300000 96.0
-290000 84.0
-280000 100.0
-270000 84.0
-260000 84.0
-250000 80.0
-240000 96.0
-230000 80.0
-220000 96.0
-210000 72.0
-200000 76.0
-190000 92.0
-180000 76.0
-170000 88.0
-160000 100.0
-150000 92.0
-140000 76.0
-130000 84.0
-120000 84.0
-110000 96.0
-100000 88.0
-90000 88.0
-80000 88.0
-70000 76.0
-60000 96.0
-50000 92.0
-40000 88.0
-30000 92.0
-20000 96.0
-10000 96.0
0 76.0
10000 80.0
20000 72.0
30000 20.0
40000 72.0
50000 52.0
60000 52.0
70000 36.0
80000 64.0
90000 72.0
100000 80.0
110000 88.0
120000 84.0
130000 68.0
140000 56.0
150000 76.0
160000 92.0
170000 88.0
180000 80.0
190000 80.0
200000 80.0
210000 84.0
220000 100.0
230000 76.0
240000 84.0
250000 92.0
260000 92.0
270000 72.0
280000 84.0
290000 92.0
300000 92.0
310000 92.0
320000 88.0
330000 96.0
340000 92.0
350000 88.0
360000 100.0
370000 96.0
380000 64.0
390000 84.0
400000 80.0
410000 76.0
420000 76.0
430000 84.0
440000 92.0
450000 88.0
460000 88.0
470000 80.0
480000 80.0
490000 80.0
500000 88.0
510000 72.0
520000 88.0
530000 80.0
540000 84.0
550000 72.0
560000 96.0
570000 88.0
580000 96.0
590000 84.0
600000 92.0
610000 96.0
620000 96.0
630000 100.0
640000 92.0
650000 92.0
660000 96.0
670000 96.0
680000 80.0
690000 96.0
700000 92.0
710000 84.0
720000 88.0
730000 96.0
740000 84.0
750000 92.0
760000 92.0
770000 100.0
780000 92.0
790000 88.0
800000 80.0
810000 100.0
820000 92.0
830000 92.0
840000 92.0
850000 92.0
860000 92.0
870000 84.0
880000 80.0
890000 92.0
900000 88.0
910000 80.0
920000 92.0
930000 84.0
940000 80.0
950000 96.0
960000 88.0
970000 80.0
980000 96.0
990000 96.0
1000000 88.0
