-990000 0.0
-980000 4.0
-970000 4.0
-960000 4.0
-950000 36.0
-940000 44.0
-930000 64.0
-920000 68.0
-910000 68.0
-900000 92.0
-890000 60.0
-880000 76.0
-870000 72.0
-860000 72.0
-850000 80.0
-840000 80.0
-830000 64.0
-820000 80.0
-810000 84.0
-800000 80.0
-790000 80.0
-780000 80.0
-770000 76.0
-760000 92.0
-750000 76.0
-740000 88.0
-730000 72.0
-720000 88.0
-710000 88.0
-700000 80.0
-690000 88.0
-680000 88.0
-670000 88.0
-660000 92.0
-650000 84.0
-640000 80.0
-630000 88.0
-620000 88.0
-610000 92.0
-600000 88.0
-590000 84.0
-580000 100.0
-570000 92.0
-560000 100.0
-550000 80.0
-540000 76.0
-530000 92.0
-520000 72.0
-510000 88.0
-500000 72.0
-490000 92.0
-480000 88.0
-470000 80.0
-460000 92.0
-450000 72.0
-440000 84.0
-430000 92.0
-420000 88.0
-410000 76.0
-400000 88.0
-390000 84.0
-380000 84.0
-370000 76.0
-360000 88.0
-350000 72.0
-340000 76.0
-330000 76.0
-320000 80.0
-310000 80.0
-300000 84.0
-290000 92.0
-280000 76.0
-270000 76.0
-260000 92.0
-250000 80.0
-240000 76.0
-230000 80.0
-220000 84.0
-210000 84.0
-200000 84.0
-190000 84.0
-180000 88.0
-170000 64.0
-160000 76.0
-150000 68.0
-140000 68.0
-130000 88.0
-120000 68.0
-110000 84.0
-100000 80.0
-90000 68.0
-80000 88.0
-70000 84.0
-60000 88.0
-50000 84.0
-40000 84.0
-30000 92.0
-20000 72.0
-10000 64.0
0 84.0
10000 72.0
20000 76.0
30000 56.0
40000 60.0
50000 56.0
60000 64.0
70000 52.0
80000 64.0
90000 60.0
100000 40.0
110000 60.0
120000 84.0
130000 76.0
140000 96.0
150000 56.0
160000 76.0
170000 68.0
180000 80.0
190000 80.0
200000 64.0
210000 92.0
220000 76.0
230000 80.0
240000 92.0
250000 80.0
260000 80.0
270000 88.0
280000 68.0
290000 88.0
300000 80.0
310000 88.0
320000 84.0
330000 76.0
340000 88.0
350000 68.0
360000 80.0
370000 80.0
380000 76.0
390000 76.0
400000 72.0
410000 72.0
420000 76.0
430000 68.0
440000 84.0
450000 72.0
460000 72.0
470000 92.0
480000 76.0
490000 84.0
500000 72.0
510000 72.0
520000 76.0
530000 72.0
540000 80.0
550000 72.0
560000 88.0
570000 88.0
580000 88.0
590000 84.0
600000 80.0
610000 84.0
620000 88.0
630000 84.0
640000 72.0
650000 68.0
660000 92.0
670000 88.0
680000 80.0
690000 80.0
700000 92.0
710000 68.0
720000 80.0
730000 80.0
740000 84.0
750000 88.0
760000 80.0
770000 88.0
780000 76.0
790000 72.0
800000 92.0
810000 84.0
820000 76.0
830000 88.0
840000 60.0
850000 84.0
860000 92.0
870000 80.0
880000 76.0
890000 96.0
900000 68.0
910000 96.0
920000 84.0
930000 92.0
940000 88.0
950000 84.0
960000 80.0
970000 84.0
980000 80.0
990000 84.0
1000000 64.0
