-990000 0.0
-980000 0.0
-970000 0.0
-960000 0.0
-950000 20.0
-940000 4.0
-930000 16.0
-920000 28.0
-910000 56.0
-900000 36.0
-890000 40.0
-880000 48.0
-870000 80.0
-860000 52.0
-850000 68.0
-840000 68.0
-830000 68.0
-820000 68.0
-810000 72.0
-800000 60.0
-790000 80.0
-780000 60.0
-770000 76.0
-760000 72.0
-750000 84.0
-740000 76.0
-730000 80.0
-720000 76.0
-710000 76.0
-700000 88.0
-690000 84.0
-680000 84.0
-670000 80.0
-660000 88.0
-650000 96.0
-640000 88.0
-630000 84.0
-620000 88.0
-610000 92.0
-600000 92.0
-590000 88.0
-580000 76.0
-570000 68.0
-560000 76.0
-550000 84.0
-540000 80.0
-530000 80.0
-520000 64.0
-510000 80.0
-500000 68.0
-490000 72.0
-480000 60.0
-470000 68.0
-460000 76.0
-450000 84.0
-440000 76.0
-430000 80.0
-420000 76.0
-410000 88.0
-400000 88.0
-390000 92.0
-380000 80.0
-370000 84.0
-360000 72.0
-350000 64.0
-340000 84.0
-330000 84.0
-320000 84.0
-310000 84.0
-300000 80.0
-290000 84.0
-280000 72.0
-270000 80.0
-260000 84.0
-250000 76.0
-240000 88.0
-230000 96.0
-220000 72.0
-210000 76.0
-200000 76.0
-190000 76.0
-180000 80.0
-170000 80.0
-160000 88.0
-150000 76.0
-140000 92.0
-130000 92.0
-120000 80.0
-110000 80.0
-100000 92.0
-90000 60.0
-80000 76.0
-70000 80.0
-60000 84.0
-50000 72.0
-40000 80.0
-30000 92.0
-20000 88.0
-10000 88.0
0 84.0
10000 80.0
20000 72.0
30000 88.0
40000 72.0
50000 40.0
60000 52.0
70000 56.0
80000 56.0
90000 48.0
100000 28.0
110000 52.0
120000 68.0
130000 72.0
140000 72.0
150000 84.0
160000 72.0
170000 76.0
180000 84.0
190000 68.0
200000 80.0
210000 80.0
220000 80.0
230000 96.0
240000 88.0
250000 84.0
260000 64.0
270000 84.0
280000 68.0
290000 80.0
300000 84.0
310000 76.0
320000 88.0
330000 76.0
340000 92.0
350000 96.0
360000 84.0
370000 80.0
380000 72.0
390000 88.0
400000 88.0
410000 92.0
420000 84.0
430000 76.0
440000 80.0
450000 84.0
460000 88.0
470000 88.0
480000 80.0
490000 80.0
500000 84.0
510000 92.0
520000 88.0
530000 84.0
540000 92.0
550000 92.0
560000 88.0
570000 88.0
580000 88.0
590000 88.0
600000 80.0
610000 80.0
620000 76.0
630000 80.0
640000 80.0
650000 76.0
660000 76.0
670000 96.0
680000 92.0
690000 92.0
700000 64.0
710000 72.0
720000 76.0
730000 84.0
740000 84.0
750000 92.0
760000 76.0
770000 72.0
780000 84.0
790000 84.0
800000 72.0
810000 68.0
820000 80.0
830000 72.0
840000 72.0
850000 88.0
860000 72.0
870000 76.0
880000 72.0
890000 76.0
900000 92.0
910000 88.0
920000 84.0
930000 72.0
940000 84.0
950000 72.0
960000 92.0
970000 76.0
980000 92.0
990000 88.0
1000000 72.0
