-990000 0.0
-980000 0.0
-970000 0.0
-960000 0.0
-950000 0.0
-940000 32.0
-930000 40.0
-920000 40.0
-910000 88.0
-900000 68.0
-890000 76.0
-880000 60.0
-870000 52.0
-860000 80.0
-850000 80.0
-840000 60.0
-830000 92.0
-820000 80.0
-810000 76.0
-800000 80.0
-790000 56.0
-780000 84.0
-770000 92.0
-760000 84.0
-750000 80.0
-740000 88.0
-730000 96.0
-720000 76.0
-710000 100.0
-700000 76.0
-690000 88.0
-680000 80.0
-670000 72.0
-660000 72.0
-650000 72.0
-640000 64.0
-630000 72.0
-620000 96.0
-610000 84.0
-600000 88.0
-590000 76.0
-580000 84.0
-570000 88.0
-560000 84.0
-550000 88.0
-540000 88.0
-530000 88.0
-520000 92.0
-510000 96.0
-500000 84.0
-490000 92.0
-480000 96.0
-470000 92.0
-460000 76.0
-450000 80.0
-440000 96.0
-430000 96.0
-420000 84.0
-410000 84.0
-400000 88.0
-390000 84.0
-380000 80.0
-370000 92.0
-360000 84.0
-350000 88.0
-340000 96.0
-330000 68.0
-320000 84.0
-310000 84.0
-300000 92.0
-290000 84.0
-280000 96.0
-270000 96.0
-260000 92.0
-250000 92.0
-240000 84.0
-230000 76.0
-220000 96.0
-210000 96.0
-200000 92.0
-190000 92.0
-180000 92.0
-170000 84.0
-160000 92.0
-150000 84.0
-140000 84.0
-130000 96.0
-120000 96.0
-110000 100.0
-100000 92.0
-90000 84.0
-80000 96.0
-70000 92.0
-60000 100.0
-50000 92.0
-40000 96.0
-30000 92.0
-20000 88.0
-10000 96.0
0 100.0
10000 88.0
20000 80.0
30000 20.0
40000 64.0
50000 64.0
60000 36.0
70000 64.0
80000 88.0
90000 80.0
100000 92.0
110000 60.0
120000 80.0
130000 52.0
140000 76.0
150000 84.0
160000 56.0
170000 64.0
180000 72.0
190000 68.0
200000 84.0
210000 76.0
220000 92.0
230000 72.0
240000 64.0
250000 48.0
260000 88.0
270000 72.0
280000 76.0
290000 92.0
300000 84.0
310000 92.0
320000 84.0
330000 76.0
340000 96.0
350000 48.0
360000 84.0
370000 72.0
380000 64.0
390000 84.0
400000 92.0
410000 84.0
420000 84.0
430000 84.0
440000 92.0
450000 72.0
460000 84.0
470000 76.0
480000 88.0
490000 96.0
500000 96.0
510000 88.0
520000 96.0
530000 88.0
540000 96.0
550000 80.0
560000 96.0
570000 96.0
580000 96.0
590000 92.0
600000 100.0
610000 96.0
620000 96.0
630000 92.0
640000 96.0
650000 96.0
660000 92.0
670000 88.0
680000 92.0
690000 92.0
700000 100.0
710000 96.0
720000 80.0
730000 96.0
740000 84.0
750000 92.0
760000 100.0
770000 84.0
780000 92.0
790000 92.0
800000 92.0
810000 88.0
820000 88.0
830000 88.0
840000 92.0
850000 84.0
860000 84.0
870000 88.0
880000 88.0
890000 96.0
900000 92.0
910000 92.0
920000 88.0
930000 92.0
940000 92.0
950000 100.0
960000 88.0
970000 84.0
980000 88.0
990000 88.0
1000000 80.0
