-990000 4.0
-980000 8.0
-970000 40.0
-960000 44.0
-950000 36.0
-940000 68.0
-930000 56.0
-920000 60.0
-910000 60.0
-900000 72.0
-890000 76.0
-880000 72.0
-870000 64.0
-860000 80.0
-850000 72.0
-840000 80.0
-830000 88.0
-820000 84.0
-810000 68.0
-800000 56.0
-790000 60.0
-780000 76.0
-770000 76.0
-760000 76.0
-750000 72.0
-740000 72.0
-730000 60.0
-720000 72.0
-710000 68.0
-700000 68.0
-690000 68.0
-680000 76.0
-670000 72.0
-660000 84.0
-650000 76.0
-640000 84.0
-630000 52.0
-620000 76.0
-610000 92.0
-600000 68.0
-590000 64.0
-580000 72.0
-570000 64.0
-560000 76.0
-550000 68.0
-540000 76.0
-530000 84.0
-520000 68.0
-510000 76.0
-500000 84.0
-490000 76.0
-480000 76.0
-470000 72.0
-460000 68.0
-450000 56.0
-440000 64.0
-430000 60.0
-420000 68.0
-410000 84.0
-400000 48.0
-390000 80.0
-380000 76.0
-370000 52.0
-360000 72.0
-350000 80.0
-340000 56.0
-330000 80.0
-320000 80.0
-310000 80.0
-300000 64.0
-290000 68.0
-280000 72.0
-270000 72.0
-260000 76.0
-250000 84.0
-240000 68.0
-230000 60.0
-220000 64.0
-210000 76.0
-200000 76.0
-190000 68.0
-180000 76.0
-170000 64.0
-160000 60.0
-150000 88.0
-140000 84.0
-130000 64.0
-120000 68.0
-110000 80.0
-100000 68.0
-90000 76.0
-80000 80.0
-70000 64.0
-60000 76.0
-50000 64.0
-40000 64.0
-30000 60.0
-20000 72.0
-10000 72.0
0 72.0
10000 80.0
20000 80.0
30000 76.0
40000 60.0
50000 48.0
60000 52.0
70000 80.0
80000 84.0
90000 52.0
100000 76.0
110000 64.0
120000 76.0
130000 68.0
140000 68.0
150000 64.0
160000 20.0
170000 44.0
180000 48.0
190000 16.0
200000 20.0
210000 28.0
220000 48.0
230000 12.0
240000 32.0
250000 32.0
260000 72.0
270000 24.0
280000 36.0
290000 24.0
300000 52.0
310000 44.0
320000 44.0
330000 28.0
340000 16.0
350000 32.0
360000 32.0
370000 32.0
380000 16.0
390000 28.0
400000 48.0
410000 48.0
420000 24.0
430000 76.0
440000 68.0
450000 52.0
460000 44.0
470000 52.0
480000 64.0
490000 80.0
500000 72.0
510000 80.0
520000 76.0
530000 80.0
540000 68.0
550000 60.0
560000 76.0
570000 80.0
580000 60.0
590000 68.0
600000 76.0
610000 72.0
620000 68.0
630000 60.0
640000 56.0
650000 64.0
660000 52.0
670000 60.0
680000 52.0
690000 68.0
700000 60.0
710000 80.0
720000 56.0
730000 48.0
740000 52.0
750000 40.0
760000 48.0
770000 76.0
780000 52.0
790000 52.0
800000 60.0
810000 72.0
820000 56.0
830000 68.0
840000 48.0
850000 64.0
860000 84.0
870000 60.0
880000 56.0
890000 56.0
900000 52.0
910000 52.0
920000 76.0
930000 72.0
940000 56.0
950000 56.0
960000 48.0
970000 76.0
980000 68.0
990000 60.0
1000000 56.0
