-990000 0.0
-980000 24.0
-970000 32.0
-960000 48.0
-950000 40.0
-940000 60.0
-930000 80.0
-920000 68.0
-910000 68.0
-900000 72.0
-890000 56.0
-880000 56.0
-870000 76.0
-860000 80.0
-850000 48.0
-840000 56.0
-830000 60.0
-820000 48.0
-810000 68.0
-800000 56.0
-790000 56.0
-780000 76.0
-770000 56.0
-760000 72.0
-750000 52.0
-740000 56.0
-730000 52.0
-720000 48.0
-710000 48.0
-700000 64.0
-690000 44.0
-680000 48.0
-670000 60.0
-660000 64.0
-650000 76.0
-640000 88.0
-630000 60.0
-620000 64.0
-610000 56.0
-600000 76.0
-590000 60.0
-580000 68.0
-570000 56.0
-560000 76.0
-550000 44.0
-540000 44.0
-530000 56.0
-520000 60.0
-510000 72.0
-500000 64.0
-490000 72.0
-480000 56.0
-470000 64.0
-460000 64.0
-450000 64.0
-440000 52.0
-430000 44.0
-420000 56.0
-410000 52.0
-400000 56.0
-390000 40.0
-380000 64.0
-370000 60.0
-360000 84.0
-350000 56.0
-340000 44.0
-330000 52.0
-320000 32.0
-310000 44.0
-300000 56.0
-290000 68.0
-280000 68.0
-270000 56.0
-260000 60.0
-250000 56.0
-240000 48.0
-230000 56.0
-220000 56.0
-210000 64.0
-200000 68.0
-190000 64.0
-180000 60.0
-170000 44.0
-160000 64.0
-150000 60.0
-140000 80.0
-130000 48.0
-120000 56.0
-110000 64.0
-100000 56.0
-90000 56.0
-80000 48.0
-70000 44.0
-60000 72.0
-50000 64.0
-40000 60.0
-30000 68.0
-20000 64.0
-10000 60.0
0 80.0
10000 60.0
20000 64.0
30000 64.0
40000 68.0
50000 52.0
60000 72.0
70000 60.0
80000 56.0
90000 68.0
100000 76.0
110000 44.0
120000 88.0
130000 80.0
140000 44.0
150000 48.0
160000 80.0
170000 88.0
180000 52.0
190000 44.0
200000 48.0
210000 64.0
220000 56.0
230000 68.0
240000 28.0
250000 56.0
260000 28.0
270000 56.0
280000 84.0
290000 56.0
300000 76.0
310000 36.0
320000 56.0
330000 64.0
340000 80.0
350000 32.0
360000 44.0
370000 24.0
380000 16.0
390000 24.0
400000 48.0
410000 36.0
420000 32.0
430000 48.0
440000 44.0
450000 56.0
460000 48.0
470000 52.0
480000 28.0
490000 8.0
500000 24.0
510000 20.0
520000 28.0
530000 32.0
540000 16.0
550000 32.0
560000 32.0
570000 20.0
580000 36.0
590000 40.0
600000 24.0
610000 40.0
620000 44.0
630000 36.0
640000 24.0
650000 44.0
660000 40.0
670000 32.0
680000 36.0
690000 16.0
700000 28.0
710000 64.0
720000 72.0
730000 56.0
740000 64.0
750000 60.0
760000 68.0
770000 88.0
780000 60.0
790000 56.0
800000 68.0
810000 68.0
820000 68.0
830000 64.0
840000 60.0
850000 48.0
860000 68.0
870000 52.0
880000 40.0
890000 60.0
900000 60.0
910000 56.0
920000 40.0
930000 56.0
940000 56.0
950000 72.0
960000 64.0
970000 64.0
980000 68.0
990000 48.0
1000000 56.0
