-990000 4.0
-980000 40.0
-970000 56.0
-960000 56.0
-950000 52.0
-940000 64.0
-930000 68.0
-920000 56.0
-910000 76.0
-900000 64.0
-890000 60.0
-880000 48.0
-870000 72.0
-860000 72.0
-850000 48.0
-840000 68.0
-830000 52.0
-820000 56.0
-810000 64.0
-800000 68.0
-790000 68.0
-780000 72.0
-770000 60.0
-760000 80.0
-750000 80.0
-740000 56.0
-730000 60.0
-720000 68.0
-710000 52.0
-700000 72.0
-690000 68.0
-680000 52.0
-670000 60.0
-660000 68.0
-650000 52.0
-640000 80.0
-630000 76.0
-620000 76.0
-610000 68.0
-600000 64.0
-590000 64.0
-580000 76.0
-570000 68.0
-560000 40.0
-550000 52.0
-540000 52.0
-530000 56.0
-520000 48.0
-510000 68.0
-500000 64.0
-490000 68.0
-480000 68.0
-470000 72.0
-460000 52.0
-450000 56.0
-440000 60.0
-430000 64.0
-420000 72.0
-410000 68.0
-400000 36.0
-390000 48.0
-380000 60.0
-370000 64.0
-360000 52.0
-350000 56.0
-340000 52.0
-330000 56.0
-320000 68.0
-310000 36.0
-300000 68.0
-290000 36.0
-280000 64.0
-270000 68.0
-260000 48.0
-250000 48.0
-240000 56.0
-230000 72.0
-220000 72.0
-210000 52.0
-200000 64.0
-190000 44.0
-180000 60.0
-170000 40.0
-160000 48.0
-150000 48.0
-140000 52.0
-130000 60.0
-120000 48.0
-110000 84.0
-100000 72.0
-90000 60.0
-80000 76.0
-70000 68.0
-60000 68.0
-50000 64.0
-40000 60.0
-30000 52.0
-20000 64.0
-10000 68.0
0 68.0
10000 64.0
20000 48.0
30000 56.0
40000 72.0
50000 84.0
60000 68.0
70000 48.0
80000 68.0
90000 64.0
100000 44.0
110000 84.0
120000 80.0
130000 60.0
140000 64.0
150000 52.0
160000 76.0
170000 52.0
180000 64.0
190000 64.0
200000 68.0
210000 76.0
220000 68.0
230000 64.0
240000 80.0
250000 56.0
260000 64.0
270000 64.0
280000 48.0
290000 76.0
300000 60.0
310000 60.0
320000 76.0
330000 48.0
340000 68.0
350000 52.0
360000 60.0
370000 88.0
380000 56.0
390000 52.0
400000 68.0
410000 64.0
420000 52.0
430000 64.0
440000 56.0
450000 52.0
460000 60.0
470000 76.0
480000 60.0
490000 64.0
500000 56.0
510000 76.0
520000 88.0
530000 48.0
540000 68.0
550000 60.0
560000 64.0
570000 52.0
580000 84.0
590000 52.0
600000 76.0
610000 48.0
620000 56.0
630000 36.0
640000 56.0
650000 56.0
660000 36.0
670000 44.0
680000 60.0
690000 64.0
700000 56.0
710000 44.0
720000 56.0
730000 52.0
740000 60.0
750000 68.0
760000 60.0
770000 60.0
780000 52.0
790000 44.0
800000 44.0
810000 40.0
820000 36.0
830000 40.0
840000 60.0
850000 52.0
860000 36.0
870000 60.0
880000 52.0
890000 56.0
900000 52.0
910000 52.0
920000 52.0
930000 44.0
940000 56.0
950000 60.0
960000 64.0
970000 72.0
980000 44.0
990000 60.0
1000000 36.0
