-990000 0.0
-980000 0.0
-970000 0.0
-960000 0.0
-950000 0.0
-940000 8.0
-930000 4.0
-920000 0.0
-910000 12.0
-900000 24.0
-890000 40.0
-880000 48.0
-870000 64.0
-860000 48.0
-850000 48.0
-840000 52.0
-830000 52.0
-820000 76.0
-810000 64.0
-800000 76.0
-790000 76.0
-780000 68.0
-770000 76.0
-760000 84.0
-750000 96.0
-740000 92.0
-730000 76.0
-720000 76.0
-710000 84.0
-700000 80.0
-690000 68.0
-680000 84.0
-670000 72.0
-660000 80.0
-650000 88.0
-640000 84.0
-630000 72.0
-620000 92.0
-610000 80.0
-600000 64.0
-590000 72.0
-580000 88.0
-570000 68.0
-560000 96.0
-550000 76.0
-540000 80.0
-530000 84.0
-520000 92.0
-510000 76.0
-500000 76.0
-490000 80.0
-480000 96.0
-470000 88.0
-460000 92.0
-450000 88.0
-440000 96.0
-430000 84.0
-420000 76.0
-410000 88.0
-400000 88.0
-390000 84.0
-380000 88.0
-370000 96.0
-360000 80.0
-350000 84.0
-340000 76.0
-330000 84.0
-320000 84.0
-310000 88.0
-300000 88.0
-290000 88.0
-280000 84.0
-270000 76.0
-260000 88.0
-250000 80.0
-240000 88.0
-230000 96.0
-220000 88.0
-210000 88.0
-200000 84.0
-190000 80.0
-180000 80.0
-170000 88.0
-160000 88.0
-150000 76.0
-140000 92.0
-130000 92.0
-120000 88.0
-110000 80.0
-100000 96.0
-90000 88.0
-80000 84.0
-70000 72.0
-60000 80.0
-50000 84.0
-40000 76.0
-30000 80.0
-20000 92.0
-10000 96.0
0 84.0
10000 80.0
20000 80.0
30000 80.0
40000 28.0
50000 32.0
60000 64.0
70000 76.0
80000 64.0
90000 60.0
100000 32.0
110000 44.0
120000 80.0
130000 52.0
140000 88.0
150000 32.0
160000 48.0
170000 68.0
180000 84.0
190000 88.0
200000 92.0
210000 20.0
220000 64.0
230000 88.0
240000 88.0
250000 96.0
260000 84.0
270000 80.0
280000 84.0
290000 88.0
300000 92.0
310000 96.0
320000 88.0
330000 92.0
340000 92.0
350000 68.0
360000 88.0
370000 84.0
380000 100.0
390000 96.0
400000 88.0
410000 88.0
420000 100.0
430000 100.0
440000 96.0
450000 92.0
460000 92.0
470000 92.0
480000 92.0
490000 92.0
500000 100.0
510000 84.0
520000 96.0
530000 92.0
540000 92.0
550000 92.0
560000 100.0
570000 100.0
580000 100.0
590000 92.0
600000 92.0
610000 88.0
620000 96.0
630000 92.0
640000 96.0
650000 92.0
660000 100.0
670000 100.0
680000 88.0
690000 96.0
700000 100.0
710000 84.0
720000 92.0
730000 88.0
740000 84.0
750000 88.0
760000 96.0
770000 92.0
780000 92.0
790000 92.0
800000 92.0
810000 84.0
820000 96.0
830000 96.0
840000 92.0
850000 96.0
860000 88.0
870000 80.0
880000 100.0
890000 96.0
900000 88.0
910000 88.0
920000 96.0
930000 96.0
940000 92.0
950000 92.0
960000 100.0
970000 92.0
980000 100.0
990000 88.0
1000000 88.0
