-990000 0.0
-980000 0.0
-970000 0.0
-960000 0.0
-950000 0.0
-940000 16.0
-930000 36.0
-920000 64.0
-910000 76.0
-900000 44.0
-890000 40.0
-880000 64.0
-870000 60.0
-860000 56.0
-850000 36.0
-840000 76.0
-830000 44.0
-820000 60.0
-810000 36.0
-800000 92.0
-790000 60.0
-780000 72.0
-770000 64.0
-760000 64.0
-750000 84.0
-740000 56.0
-730000 72.0
-720000 84.0
-710000 80.0
-700000 88.0
-690000 60.0
-680000 80.0
-670000 44.0
-660000 88.0
-650000 84.0
-640000 76.0
-630000 56.0
-620000 84.0
-610000 88.0
-600000 68.0
-590000 88.0
-580000 96.0
-570000 88.0
-560000 80.0
-550000 88.0
-540000 76.0
-530000 88.0
-520000 80.0
-510000 88.0
-500000 76.0
-490000 84.0
-480000 76.0
-470000 88.0
-460000 92.0
-450000 100.0
-440000 92.0
-430000 88.0
-420000 92.0
-410000 100.0
-400000 84.0
-390000 84.0
-380000 92.0
-370000 92.0
-360000 80.0
-350000 80.0
-340000 96.0
-330000 88.0
-320000 80.0
-310000 92.0
-300000 80.0
-290000 92.0
-280000 88.0
-270000 96.0
-260000 88.0
-250000 92.0
-240000 88.0
-230000 88.0
-220000 92.0
-210000 96.0
-200000 92.0
-190000 100.0
-180000 84.0
-170000 92.0
-160000 96.0
-150000 88.0
-140000 96.0
-130000 92.0
-120000 92.0
-110000 96.0
-100000 68.0
-90000 92.0
-80000 92.0
-70000 92.0
-60000 92.0
-50000 92.0
-40000 88.0
-30000 92.0
-20000 92.0
-10000 92.0
0 92.0
10000 92.0
20000 100.0
30000 16.0
40000 88.0
50000 20.0
60000 76.0
70000 52.0
80000 84.0
90000 76.0
100000 80.0
110000 64.0
120000 68.0
130000 56.0
140000 100.0
150000 72.0
160000 84.0
170000 80.0
180000 100.0
190000 64.0
200000 96.0
210000 92.0
220000 92.0
230000 64.0
240000 84.0
250000 84.0
260000 92.0
270000 96.0
280000 88.0
290000 72.0
300000 88.0
310000 76.0
320000 72.0
330000 92.0
340000 100.0
350000 92.0
360000 64.0
370000 88.0
380000 88.0
390000 92.0
400000 76.0
410000 88.0
420000 100.0
430000 84.0
440000 92.0
450000 92.0
460000 96.0
470000 80.0
480000 100.0
490000 88.0
500000 84.0
510000 84.0
520000 92.0
530000 84.0
540000 92.0
550000 84.0
560000 92.0
570000 92.0
580000 88.0
590000 96.0
600000 88.0
610000 92.0
620000 92.0
630000 92.0
640000 96.0
650000 96.0
660000 100.0
670000 84.0
680000 80.0
690000 88.0
700000 92.0
710000 88.0
720000 84.0
730000 96.0
740000 92.0
750000 96.0
760000 88.0
770000 92.0
780000 84.0
790000 96.0
800000 88.0
810000 96.0
820000 88.0
830000 96.0
840000 84.0
850000 100.0
860000 88.0
870000 92.0
880000 88.0
890000 84.0
900000 84.0
910000 96.0
920000 96.0
930000 100.0
940000 88.0
950000 80.0
960000 96.0
970000 100.0
980000 88.0
990000 92.0
1000000 88.0
