-990000 0.0
-980000 0.0
-970000 0.0
-960000 0.0
-950000 28.0
-940000 60.0
-930000 32.0
-920000 20.0
-910000 60.0
-900000 60.0
-890000 68.0
-880000 44.0
-870000 52.0
-860000 64.0
-850000 80.0
-840000 60.0
-830000 68.0
-820000 68.0
-810000 96.0
-800000 84.0
-790000 88.0
-780000 96.0
-770000 76.0
-760000 76.0
-750000 96.0
-740000 88.0
-730000 84.0
-720000 92.0
-710000 88.0
-700000 88.0
-690000 88.0
-680000 100.0
-670000 72.0
-660000 96.0
-650000 76.0
-640000 92.0
-630000 88.0
-620000 84.0
-610000 96.0
-600000 92.0
-590000 60.0
-580000 96.0
-570000 76.0
-560000 80.0
-550000 88.0
-540000 88.0
-530000 96.0
-520000 84.0
-510000 92.0
-500000 80.0
-490000 88.0
-480000 80.0
-470000 92.0
-460000 88.0
-450000 84.0
-440000 100.0
-430000 92.0
-420000 92.0
-410000 96.0
-400000 96.0
-390000 88.0
-380000 84.0
-370000 84.0
-360000 96.0
-350000 96.0
-340000 96.0
-330000 76.0
-320000 100.0
-310000 92.0
-300000 76.0
-290000 84.0
-280000 88.0
-270000 92.0
-260000 92.0
-250000 92.0
-240000 96.0
-230000 92.0
-220000 80.0
-210000 88.0
-200000 84.0
-190000 96.0
-180000 92.0
-170000 92.0
-160000 88.0
-150000 88.0
-140000 92.0
-130000 88.0
-120000 96.0
-110000 88.0
-100000 84.0
-90000 88.0
-80000 92.0
-70000 96.0
-60000 84.0
-50000 88.0
-40000 84.0
-30000 100.0
-20000 96.0
-10000 96.0
0 88.0
10000 88.0
20000 60.0
30000 84.0
40000 88.0
50000 80.0
60000 92.0
70000 80.0
80000 92.0
90000 84.0
100000 92.0
110000 96.0
120000 96.0
130000 64.0
140000 76.0
150000 96.0
160000 100.0
170000 92.0
180000 92.0
190000 96.0
200000 96.0
210000 88.0
220000 88.0
230000 96.0
240000 68.0
250000 88.0
260000 80.0
270000 92.0
280000 76.0
290000 80.0
300000 92.0
310000 92.0
320000 88.0
330000 92.0
340000 92.0
350000 80.0
360000 76.0
370000 96.0
380000 68.0
390000 92.0
400000 88.0
410000 88.0
420000 96.0
430000 84.0
440000 92.0
450000 92.0
460000 48.0
470000 96.0
480000 84.0
490000 92.0
500000 84.0
510000 96.0
520000 88.0
530000 88.0
540000 92.0
550000 84.0
560000 96.0
570000 96.0
580000 96.0
590000 88.0
600000 88.0
610000 100.0
620000 88.0
630000 76.0
640000 100.0
650000 92.0
660000 92.0
670000 92.0
680000 100.0
690000 88.0
700000 92.0
710000 88.0
720000 88.0
730000 96.0
740000 84.0
750000 100.0
760000 88.0
770000 100.0
780000 92.0
790000 80.0
800000 92.0
810000 92.0
820000 76.0
830000 100.0
840000 100.0
850000 80.0
860000 92.0
870000 96.0
880000 88.0
890000 92.0
900000 92.0
910000 92.0
920000 84.0
930000 96.0
940000 100.0
950000 92.0
960000 88.0
970000 88.0
980000 96.0
990000 80.0
1000000 96.0
