-990000 0.0
-980000 4.0
-970000 4.0
-960000 8.0
-950000 20.0
-940000 40.0
-930000 52.0
-920000 32.0
-910000 52.0
-900000 64.0
-890000 56.0
-880000 84.0
-870000 68.0
-860000 80.0
-850000 72.0
-840000 80.0
-830000 68.0
-820000 76.0
-810000 68.0
-800000 60.0
-790000 80.0
-780000 76.0
-770000 80.0
-760000 88.0
-750000 76.0
-740000 76.0
-730000 76.0
-720000 80.0
-710000 68.0
-700000 88.0
-690000 80.0
-680000 68.0
-670000 88.0
-660000 76.0
-650000 84.0
-640000 88.0
-630000 88.0
-620000 80.0
-610000 68.0
-600000 88.0
-590000 92.0
-580000 88.0
-570000 64.0
-560000 84.0
-550000 92.0
-540000 88.0
-530000 76.0
-520000 72.0
-510000 88.0
-500000 96.0
-490000 80.0
-480000 76.0
-470000 80.0
-460000 84.0
-450000 68.0
-440000 80.0
-430000 76.0
-420000 76.0
-410000 76.0
-400000 76.0
-390000 80.0
-380000 64.0
-370000 68.0
-360000 84.0
-350000 84.0
-340000 68.0
-330000 92.0
-320000 60.0
-310000 80.0
-300000 68.0
-290000 68.0
-280000 84.0
-270000 76.0
-260000 76.0
-250000 84.0
-240000 84.0
-230000 72.0
-220000 80.0
-210000 80.0
-200000 72.0
-190000 88.0
-180000 92.0
-170000 84.0
-160000 76.0
-150000 76.0
-140000 84.0
-130000 60.0
-120000 88.0
-110000 80.0
-100000 84.0
-90000 76.0
-80000 72.0
-70000 76.0
-60000 68.0
-50000 72.0
-40000 84.0
-30000 84.0
-20000 72.0
-10000 68.0
0 92.0
10000 84.0
20000 60.0
30000 84.0
40000 72.0
50000 76.0
60000 56.0
70000 56.0
80000 52.0
90000 52.0
100000 56.0
110000 44.0
120000 60.0
130000 56.0
140000 52.0
150000 60.0
160000 44.0
170000 68.0
180000 84.0
190000 84.0
200000 84.0
210000 72.0
220000 72.0
230000 72.0
240000 84.0
250000 56.0
260000 64.0
270000 88.0
280000 92.0
290000 72.0
300000 76.0
310000 84.0
320000 72.0
330000 88.0
340000 88.0
350000 92.0
360000 92.0
370000 72.0
380000 64.0
390000 84.0
400000 68.0
410000 88.0
420000 84.0
430000 80.0
440000 72.0
450000 84.0
460000 88.0
470000 88.0
480000 88.0
490000 72.0
500000 76.0
510000 84.0
520000 80.0
530000 80.0
540000 88.0
550000 76.0
560000 84.0
570000 76.0
580000 68.0
590000 76.0
600000 88.0
610000 92.0
620000 76.0
630000 76.0
640000 60.0
650000 88.0
660000 60.0
670000 76.0
680000 80.0
690000 72.0
700000 84.0
710000 88.0
720000 84.0
730000 80.0
740000 80.0
750000 60.0
760000 80.0
770000 80.0
780000 80.0
790000 92.0
800000 72.0
810000 76.0
820000 68.0
830000 88.0
840000 84.0
850000 72.0
860000 68.0
870000 84.0
880000 92.0
890000 84.0
900000 96.0
910000 84.0
920000 80.0
930000 92.0
940000 80.0
950000 80.0
960000 88.0
970000 84.0
980000 84.0
990000 84.0
1000000 80.0
