-990000 0.0
-980000 32.0
-970000 48.0
-960000 68.0
-950000 44.0
-940000 64.0
-930000 64.0
-920000 60.0
-910000 56.0
-900000 52.0
-890000 60.0
-880000 72.0
-870000 68.0
-860000 76.0
-850000 56.0
-840000 80.0
-830000 52.0
-820000 48.0
-810000 80.0
-800000 56.0
-790000 28.0
-780000 60.0
-770000 64.0
-760000 56.0
-750000 60.0
-740000 48.0
-730000 68.0
-720000 72.0
-710000 64.0
-700000 68.0
-690000 68.0
-680000 84.0
-670000 64.0
-660000 64.0
-650000 56.0
-640000 64.0
-630000 64.0
-620000 56.0
-610000 68.0
-600000 56.0
-590000 52.0
-580000 68.0
-570000 48.0
-560000 56.0
-550000 36.0
-540000 60.0
-530000 64.0
-520000 64.0
-510000 44.0
-500000 60.0
-490000 64.0
-480000 40.0
-470000 76.0
-460000 44.0
-450000 72.0
-440000 68.0
-430000 48.0
-420000 64.0
-410000 60.0
-400000 64.0
-390000 64.0
-380000 68.0
-370000 76.0
-360000 68.0
-350000 56.0
-340000 76.0
-330000 52.0
-320000 48.0
-310000 32.0
-300000 72.0
-290000 60.0
-280000 60.0
-270000 56.0
-260000 40.0
-250000 76.0
-240000 64.0
-230000 48.0
-220000 52.0
-210000 52.0
-200000 72.0
-190000 48.0
-180000 60.0
-170000 68.0
-160000 28.0
-150000 44.0
-140000 68.0
-130000 52.0
-120000 48.0
-110000 68.0
-100000 72.0
-90000 48.0
-80000 64.0
-70000 68.0
-60000 68.0
-50000 56.0
-40000 68.0
-30000 44.0
-20000 56.0
-10000 60.0
0 64.0
10000 48.0
20000 60.0
30000 64.0
40000 72.0
50000 44.0
60000 44.0
70000 52.0
80000 56.0
90000 64.0
100000 84.0
110000 60.0
120000 56.0
130000 76.0
140000 80.0
150000 72.0
160000 76.0
170000 72.0
180000 60.0
190000 68.0
200000 52.0
210000 64.0
220000 56.0
230000 76.0
240000 72.0
250000 44.0
260000 72.0
270000 60.0
280000 56.0
290000 72.0
300000 60.0
310000 36.0
320000 48.0
330000 48.0
340000 44.0
350000 40.0
360000 44.0
370000 8.0
380000 36.0
390000 8.0
400000 32.0
410000 60.0
420000 48.0
430000 28.0
440000 64.0
450000 28.0
460000 60.0
470000 24.0
480000 36.0
490000 28.0
500000 20.0
510000 4.0
520000 12.0
530000 16.0
540000 16.0
550000 20.0
560000 28.0
570000 24.0
580000 4.0
590000 20.0
600000 32.0
610000 32.0
620000 44.0
630000 52.0
640000 12.0
650000 16.0
660000 8.0
670000 16.0
680000 12.0
690000 20.0
700000 40.0
710000 28.0
720000 28.0
730000 20.0
740000 32.0
750000 16.0
760000 44.0
770000 28.0
780000 40.0
790000 56.0
800000 52.0
810000 52.0
820000 36.0
830000 60.0
840000 64.0
850000 76.0
860000 64.0
870000 36.0
880000 64.0
890000 60.0
900000 40.0
910000 64.0
920000 52.0
930000 40.0
940000 48.0
950000 72.0
960000 52.0
970000 60.0
980000 32.0
990000 52.0
1000000 52.0
