-990000 0.0
-980000 4.0
-970000 52.0
-960000 52.0
-950000 60.0
-940000 64.0
-930000 76.0
-920000 48.0
-910000 60.0
-900000 68.0
-890000 68.0
-880000 52.0
-870000 52.0
-860000 48.0
-850000 52.0
-840000 48.0
-830000 48.0
-820000 56.0
-810000 60.0
-800000 40.0
-790000 72.0
-780000 48.0
-770000 48.0
-760000 52.0
-750000 52.0
-740000 52.0
-730000 60.0
-720000 48.0
-710000 60.0
-700000 36.0
-690000 56.0
-680000 52.0
-670000 36.0
-660000 36.0
-650000 36.0
-640000 44.0
-630000 44.0
-620000 52.0
-610000 52.0
-600000 48.0
-590000 60.0
-580000 64.0
-570000 56.0
-560000 48.0
-550000 48.0
-540000 48.0
-530000 60.0
-520000 52.0
-510000 48.0
-500000 60.0
-490000 28.0
-480000 40.0
-470000 48.0
-460000 44.0
-450000 52.0
-440000 76.0
-430000 40.0
-420000 52.0
-410000 36.0
-400000 68.0
-390000 64.0
-380000 56.0
-370000 60.0
-360000 68.0
-350000 52.0
-340000 48.0
-330000 64.0
-320000 36.0
-310000 76.0
-300000 56.0
-290000 60.0
-280000 56.0
-270000 52.0
-260000 40.0
-250000 44.0
-240000 56.0
-230000 64.0
-220000 64.0
-210000 64.0
-200000 60.0
-190000 64.0
-180000 36.0
-170000 64.0
-160000 60.0
-150000 44.0
-140000 60.0
-130000 52.0
-120000 56.0
-110000 56.0
-100000 56.0
-90000 60.0
-80000 56.0
-70000 52.0
-60000 44.0
-50000 44.0
-40000 52.0
-30000 40.0
-20000 60.0
-10000 64.0
0 52.0
10000 44.0
20000 56.0
30000 68.0
40000 60.0
50000 64.0
60000 80.0
70000 60.0
80000 56.0
90000 64.0
100000 24.0
110000 44.0
120000 56.0
130000 52.0
140000 36.0
150000 48.0
160000 52.0
170000 24.0
180000 20.0
190000 60.0
200000 24.0
210000 24.0
220000 24.0
230000 28.0
240000 28.0
250000 44.0
260000 32.0
270000 44.0
280000 24.0
290000 20.0
300000 28.0
310000 24.0
320000 36.0
330000 52.0
340000 40.0
350000 24.0
360000 28.0
370000 32.0
380000 28.0
390000 56.0
400000 24.0
410000 8.0
420000 24.0
430000 40.0
440000 32.0
450000 24.0
460000 32.0
470000 32.0
480000 36.0
490000 24.0
500000 20.0
510000 24.0
520000 20.0
530000 36.0
540000 28.0
550000 44.0
560000 28.0
570000 56.0
580000 40.0
590000 32.0
600000 12.0
610000 52.0
620000 36.0
630000 44.0
640000 36.0
650000 56.0
660000 52.0
670000 36.0
680000 48.0
690000 28.0
700000 68.0
710000 76.0
720000 56.0
730000 36.0
740000 44.0
750000 44.0
760000 60.0
770000 56.0
780000 64.0
790000 52.0
800000 48.0
810000 44.0
820000 40.0
830000 64.0
840000 48.0
850000 52.0
860000 48.0
870000 32.0
880000 48.0
890000 40.0
900000 36.0
910000 24.0
920000 40.0
930000 24.0
940000 56.0
950000 40.0
960000 32.0
970000 28.0
980000 28.0
990000 44.0
1000000 36.0
