-990000 0.0
-980000 20.0
-970000 16.0
-960000 56.0
-950000 28.0
-940000 72.0
-930000 36.0
-920000 52.0
-910000 64.0
-900000 88.0
-890000 88.0
-880000 60.0
-870000 76.0
-860000 72.0
-850000 84.0
-840000 80.0
-830000 88.0
-820000 96.0
-810000 88.0
-800000 92.0
-790000 72.0
-780000 76.0
-770000 88.0
-760000 88.0
-750000 76.0
-740000 88.0
-730000 76.0
-720000 76.0
-710000 68.0
-700000 76.0
-690000 84.0
-680000 72.0
-670000 84.0
-660000 92.0
-650000 56.0
-640000 76.0
-630000 84.0
-620000 88.0
-610000 84.0
-600000 80.0
-590000 84.0
-580000 64.0
-570000 92.0
-560000 88.0
-550000 84.0
-540000 96.0
-530000 64.0
-520000 92.0
-510000 84.0
-500000 68.0
-490000 80.0
-480000 72.0
-470000 80.0
-460000 80.0
-450000 88.0
-440000 80.0
-430000 64.0
-420000 88.0
-410000 80.0
-400000 88.0
-390000 84.0
-380000 84.0
-370000 96.0
-360000 84.0
-350000 76.0
-340000 92.0
-330000 68.0
-320000 76.0
-310000 76.0
-300000 68.0
-290000 68.0
-280000 56.0
-270000 88.0
-260000 76.0
-250000 60.0
-240000 80.0
-230000 68.0
-220000 64.0
-210000 76.0
-200000 72.0
-190000 72.0
-180000 84.0
-170000 72.0
-160000 68.0
-150000 72.0
-140000 76.0
-130000 88.0
-120000 84.0
-110000 80.0
-100000 88.0
-90000 72.0
-80000 88.0
-70000 76.0
-60000 64.0
-50000 84.0
-40000 72.0
-30000 72.0
-20000 88.0
-10000 72.0
0 76.0
10000 80.0
20000 72.0
30000 48.0
40000 72.0
50000 72.0
60000 68.0
70000 64.0
80000 64.0
90000 80.0
100000 64.0
110000 52.0
120000 80.0
130000 76.0
140000 88.0
150000 76.0
160000 64.0
170000 80.0
180000 72.0
190000 88.0
200000 80.0
210000 68.0
220000 76.0
230000 76.0
240000 100.0
250000 76.0
260000 88.0
270000 88.0
280000 84.0
290000 80.0
300000 84.0
310000 68.0
320000 88.0
330000 84.0
340000 80.0
350000 76.0
360000 88.0
370000 64.0
380000 92.0
390000 84.0
400000 84.0
410000 72.0
420000 80.0
430000 56.0
440000 76.0
450000 92.0
460000 92.0
470000 88.0
480000 88.0
490000 80.0
500000 76.0
510000 84.0
520000 80.0
530000 76.0
540000 80.0
550000 84.0
560000 92.0
570000 68.0
580000 92.0
590000 88.0
600000 72.0
610000 88.0
620000 72.0
630000 72.0
640000 88.0
650000 84.0
660000 80.0
670000 84.0
680000 88.0
690000 76.0
700000 84.0
710000 68.0
720000 76.0
730000 84.0
740000 84.0
750000 88.0
760000 84.0
770000 76.0
780000 92.0
790000 76.0
800000 68.0
810000 76.0
820000 72.0
830000 76.0
840000 68.0
850000 76.0
860000 52.0
870000 80.0
880000 84.0
890000 60.0
900000 92.0
910000 64.0
920000 76.0
930000 64.0
940000 96.0
950000 72.0
960000 76.0
970000 76.0
980000 80.0
990000 76.0
1000000 88.0
