-990000 0.0
-980000 0.0
-970000 4.0
-960000 8.0
-950000 20.0
-940000 40.0
-930000 48.0
-920000 72.0
-910000 76.0
-900000 56.0
-890000 68.0
-880000 76.0
-870000 52.0
-860000 72.0
-850000 68.0
-840000 80.0
-830000 64.0
-820000 80.0
-810000 80.0
-800000 80.0
-790000 84.0
-780000 64.0
-770000 76.0
-760000 88.0
-750000 88.0
-740000 84.0
-730000 88.0
-720000 76.0
-710000 84.0
-700000 84.0
-690000 80.0
-680000 88.0
-670000 76.0
-660000 88.0
-650000 88.0
-640000 84.0
-630000 80.0
-620000 64.0
-610000 80.0
-600000 60.0
-590000 88.0
-580000 80.0
-570000 88.0
-560000 80.0
-550000 96.0
-540000 92.0
-530000 88.0
-520000 76.0
-510000 84.0
-500000 84.0
-490000 92.0
-480000 76.0
-470000 80.0
-460000 80.0
-450000 88.0
-440000 76.0
-430000 68.0
-420000 80.0
-410000 96.0
-400000 96.0
-390000 80.0
-380000 72.0
-370000 80.0
-360000 92.0
-350000 84.0
-340000 80.0
-330000 76.0
-320000 80.0
-310000 80.0
-300000 84.0
-290000 80.0
-280000 68.0
-270000 64.0
-260000 76.0
-250000 80.0
-240000 88.0
-230000 84.0
-220000 72.0
-210000 76.0
-200000 84.0
-190000 76.0
-180000 72.0
-170000 84.0
-160000 84.0
-150000 88.0
-140000 88.0
-130000 76.0
-120000 84.0
-110000 96.0
-100000 88.0
-90000 68.0
-80000 84.0
-70000 80.0
-60000 76.0
-50000 64.0
-40000 96.0
-30000 64.0
-20000 84.0
-10000 72.0
0 68.0
10000 72.0
20000 84.0
30000 68.0
40000 72.0
50000 32.0
60000 64.0
70000 56.0
80000 80.0
90000 60.0
100000 72.0
110000 80.0
120000 52.0
130000 68.0
140000 88.0
150000 44.0
160000 68.0
170000 72.0
180000 92.0
190000 92.0
200000 80.0
210000 76.0
220000 84.0
230000 84.0
240000 64.0
250000 92.0
260000 100.0
270000 92.0
280000 84.0
290000 84.0
300000 96.0
310000 76.0
320000 96.0
330000 92.0
340000 88.0
350000 88.0
360000 76.0
370000 100.0
380000 72.0
390000 96.0
400000 76.0
410000 88.0
420000 84.0
430000 88.0
440000 84.0
450000 96.0
460000 88.0
470000 88.0
480000 84.0
490000 96.0
500000 96.0
510000 84.0
520000 84.0
530000 84.0
540000 88.0
550000 88.0
560000 92.0
570000 84.0
580000 88.0
590000 76.0
600000 96.0
610000 80.0
620000 92.0
630000 92.0
640000 92.0
650000 76.0
660000 80.0
670000 80.0
680000 80.0
690000 92.0
700000 84.0
710000 92.0
720000 84.0
730000 88.0
740000 84.0
750000 88.0
760000 84.0
770000 80.0
780000 76.0
790000 92.0
800000 92.0
810000 76.0
820000 96.0
830000 76.0
840000 76.0
850000 80.0
860000 76.0
870000 76.0
880000 84.0
890000 92.0
900000 88.0
910000 88.0
920000 84.0
930000 96.0
940000 76.0
950000 88.0
960000 80.0
970000 84.0
980000 84.0
990000 92.0
1000000 92.0
