-990000 0.0
-980000 20.0
-970000 32.0
-960000 52.0
-950000 28.0
-940000 52.0
-930000 48.0
-920000 64.0
-910000 24.0
-900000 44.0
-890000 56.0
-880000 56.0
-870000 40.0
-860000 88.0
-850000 48.0
-840000 48.0
-830000 48.0
-820000 48.0
-810000 56.0
-800000 44.0
-790000 64.0
-780000 48.0
-770000 52.0
-760000 44.0
-750000 56.0
-740000 48.0
-730000 40.0
-720000 48.0
-710000 56.0
-700000 48.0
-690000 32.0
-680000 48.0
-670000 48.0
-660000 52.0
-650000 48.0
-640000 84.0
-630000 48.0
-620000 44.0
-610000 60.0
-600000 48.0
-590000 72.0
-580000 60.0
-570000 44.0
-560000 68.0
-550000 44.0
-540000 48.0
-530000 68.0
-520000 52.0
-510000 56.0
-500000 56.0
-490000 60.0
-480000 68.0
-470000 32.0
-460000 56.0
-450000 60.0
-440000 56.0
-430000 44.0
-420000 44.0
-410000 52.0
-400000 60.0
-390000 56.0
-380000 40.0
-370000 64.0
-360000 44.0
-350000 48.0
-340000 44.0
-330000 48.0
-320000 60.0
-310000 68.0
-300000 56.0
-290000 44.0
-280000 60.0
-270000 72.0
-260000 32.0
-250000 68.0
-240000 56.0
-230000 24.0
-220000 60.0
-210000 48.0
-200000 48.0
-190000 56.0
-180000 56.0
-170000 56.0
-160000 64.0
-150000 56.0
-140000 72.0
-130000 60.0
-120000 64.0
-110000 48.0
-100000 60.0
-90000 64.0
-80000 76.0
-70000 52.0
-60000 48.0
-50000 48.0
-40000 56.0
-30000 52.0
-20000 52.0
-10000 64.0
0 72.0
10000 44.0
20000 56.0
30000 48.0
40000 60.0
50000 56.0
60000 56.0
70000 64.0
80000 64.0
90000 60.0
100000 64.0
110000 32.0
120000 28.0
130000 56.0
140000 48.0
150000 64.0
160000 56.0
170000 60.0
180000 60.0
190000 60.0
200000 40.0
210000 52.0
220000 68.0
230000 60.0
240000 60.0
250000 48.0
260000 44.0
270000 44.0
280000 76.0
290000 48.0
300000 44.0
310000 48.0
320000 40.0
330000 36.0
340000 28.0
350000 40.0
360000 52.0
370000 52.0
380000 28.0
390000 44.0
400000 56.0
410000 40.0
420000 56.0
430000 48.0
440000 56.0
450000 52.0
460000 40.0
470000 52.0
480000 24.0
490000 44.0
500000 52.0
510000 52.0
520000 48.0
530000 48.0
540000 36.0
550000 32.0
560000 44.0
570000 32.0
580000 32.0
590000 24.0
600000 32.0
610000 56.0
620000 36.0
630000 44.0
640000 20.0
650000 16.0
660000 48.0
670000 40.0
680000 36.0
690000 32.0
700000 56.0
710000 20.0
720000 40.0
730000 44.0
740000 56.0
750000 56.0
760000 44.0
770000 36.0
780000 36.0
790000 24.0
800000 40.0
810000 24.0
820000 32.0
830000 32.0
840000 48.0
850000 36.0
860000 32.0
870000 56.0
880000 44.0
890000 48.0
900000 48.0
910000 36.0
920000 20.0
930000 56.0
940000 48.0
950000 20.0
960000 28.0
970000 36.0
980000 52.0
990000 24.0
1000000 44.0
