-990000 0.0
-980000 24.0
-970000 36.0
-960000 64.0
-950000 72.0
-940000 80.0
-930000 60.0
-920000 56.0
-910000 52.0
-900000 56.0
-890000 52.0
-880000 48.0
-870000 64.0
-860000 68.0
-850000 80.0
-840000 60.0
-830000 68.0
-820000 44.0
-810000 52.0
-800000 52.0
-790000 52.0
-780000 60.0
-770000 56.0
-760000 72.0
-750000 60.0
-740000 56.0
-730000 64.0
-720000 80.0
-710000 72.0
-700000 80.0
-690000 60.0
-680000 68.0
-670000 76.0
-660000 68.0
-650000 36.0
-640000 64.0
-630000 64.0
-620000 72.0
-610000 64.0
-600000 52.0
-590000 68.0
-580000 76.0
-570000 64.0
-560000 68.0
-550000 76.0
-540000 64.0
-530000 60.0
-520000 72.0
-510000 56.0
-500000 72.0
-490000 80.0
-480000 76.0
-470000 68.0
-460000 84.0
-450000 76.0
-440000 72.0
-430000 60.0
-420000 56.0
-410000 64.0
-400000 56.0
-390000 68.0
-380000 56.0
-370000 60.0
-360000 60.0
-350000 56.0
-340000 52.0
-330000 52.0
-320000 56.0
-310000 80.0
-300000 72.0
-290000 48.0
-280000 72.0
-270000 44.0
-260000 60.0
-250000 36.0
-240000 44.0
-230000 56.0
-220000 52.0
-210000 52.0
-200000 56.0
-190000 76.0
-180000 56.0
-170000 64.0
-160000 64.0
-150000 52.0
-140000 64.0
-130000 60.0
-120000 44.0
-110000 48.0
-100000 68.0
-90000 60.0
-80000 56.0
-70000 56.0
-60000 40.0
-50000 48.0
-40000 60.0
-30000 68.0
-20000 68.0
-10000 60.0
0 60.0
10000 76.0
20000 52.0
30000 52.0
40000 64.0
50000 52.0
60000 72.0
70000 60.0
80000 48.0
90000 64.0
100000 40.0
110000 20.0
120000 28.0
130000 36.0
140000 36.0
150000 40.0
160000 28.0
170000 36.0
180000 24.0
190000 28.0
200000 20.0
210000 12.0
220000 8.0
230000 28.0
240000 8.0
250000 24.0
260000 24.0
270000 16.0
280000 4.0
290000 0.0
300000 4.0
310000 16.0
320000 20.0
330000 8.0
340000 8.0
350000 24.0
360000 12.0
370000 4.0
380000 12.0
390000 16.0
400000 8.0
410000 12.0
420000 20.0
430000 12.0
440000 12.0
450000 24.0
460000 0.0
470000 24.0
480000 16.0
490000 12.0
500000 32.0
510000 8.0
520000 12.0
530000 20.0
540000 24.0
550000 24.0
560000 12.0
570000 12.0
580000 36.0
590000 16.0
600000 32.0
610000 40.0
620000 4.0
630000 12.0
640000 16.0
650000 16.0
660000 12.0
670000 32.0
680000 28.0
690000 16.0
700000 36.0
710000 8.0
720000 20.0
730000 16.0
740000 20.0
750000 36.0
760000 36.0
770000 4.0
780000 40.0
790000 48.0
800000 32.0
810000 52.0
820000 20.0
830000 24.0
840000 28.0
850000 56.0
860000 64.0
870000 48.0
880000 64.0
890000 44.0
900000 32.0
910000 32.0
920000 20.0
930000 60.0
940000 60.0
950000 20.0
960000 40.0
970000 60.0
980000 16.0
990000 56.0
1000000 76.0
