-990000 0.0
-980000 12.0
-970000 32.0
-960000 48.0
-950000 44.0
-940000 60.0
-930000 56.0
-920000 80.0
-910000 52.0
-900000 40.0
-890000 48.0
-880000 56.0
-870000 48.0
-860000 52.0
-850000 48.0
-840000 52.0
-830000 60.0
-820000 52.0
-810000 68.0
-800000 68.0
-790000 56.0
-780000 64.0
-770000 60.0
-760000 72.0
-750000 56.0
-740000 60.0
-730000 72.0
-720000 40.0
-710000 76.0
-700000 60.0
-690000 56.0
-680000 48.0
-670000 56.0
-660000 56.0
-650000 52.0
-640000 72.0
-630000 68.0
-620000 64.0
-610000 72.0
-600000 68.0
-590000 56.0
-580000 72.0
-570000 76.0
-560000 64.0
-550000 52.0
-540000 44.0
-530000 64.0
-520000 64.0
-510000 48.0
-500000 52.0
-490000 68.0
-480000 48.0
-470000 56.0
-460000 60.0
-450000 36.0
-440000 44.0
-430000 64.0
-420000 64.0
-410000 56.0
-400000 64.0
-390000 76.0
-380000 56.0
-370000 72.0
-360000 64.0
-350000 60.0
-340000 52.0
-330000 76.0
-320000 60.0
-310000 60.0
-300000 60.0
-290000 60.0
-280000 60.0
-270000 56.0
-260000 52.0
-250000 68.0
-240000 72.0
-230000 64.0
-220000 64.0
-210000 52.0
-200000 44.0
-190000 56.0
-180000 84.0
-170000 68.0
-160000 60.0
-150000 56.0
-140000 68.0
-130000 68.0
-120000 60.0
-110000 60.0
-100000 80.0
-90000 48.0
-80000 52.0
-70000 72.0
-60000 60.0
-50000 68.0
-40000 60.0
-30000 68.0
-20000 44.0
-10000 56.0
0 52.0
10000 80.0
20000 72.0
30000 84.0
40000 76.0
50000 76.0
60000 68.0
70000 52.0
80000 68.0
90000 80.0
100000 80.0
110000 76.0
120000 88.0
130000 80.0
140000 64.0
150000 60.0
160000 68.0
170000 56.0
180000 36.0
190000 60.0
200000 88.0
210000 48.0
220000 60.0
230000 64.0
240000 60.0
250000 40.0
260000 72.0
270000 68.0
280000 56.0
290000 64.0
300000 40.0
310000 52.0
320000 56.0
330000 28.0
340000 52.0
350000 64.0
360000 52.0
370000 64.0
380000 64.0
390000 56.0
400000 68.0
410000 64.0
420000 64.0
430000 60.0
440000 56.0
450000 72.0
460000 76.0
470000 68.0
480000 64.0
490000 36.0
500000 44.0
510000 56.0
520000 68.0
530000 44.0
540000 60.0
550000 40.0
560000 44.0
570000 64.0
580000 48.0
590000 56.0
600000 68.0
610000 56.0
620000 44.0
630000 60.0
640000 68.0
650000 48.0
660000 64.0
670000 48.0
680000 68.0
690000 56.0
700000 32.0
710000 56.0
720000 52.0
730000 52.0
740000 36.0
750000 60.0
760000 60.0
770000 64.0
780000 36.0
790000 48.0
800000 64.0
810000 52.0
820000 68.0
830000 52.0
840000 52.0
850000 24.0
860000 56.0
870000 64.0
880000 68.0
890000 64.0
900000 60.0
910000 60.0
920000 64.0
930000 36.0
940000 44.0
950000 56.0
960000 64.0
970000 44.0
980000 44.0
990000 52.0
1000000 56.0
