-990000 0.0
-980000 0.0
-970000 0.0
-960000 0.0
-950000 32.0
-940000 68.0
-930000 84.0
-920000 92.0
-910000 64.0
-900000 80.0
-890000 80.0
-880000 76.0
-870000 84.0
-860000 80.0
-850000 76.0
-840000 84.0
-830000 76.0
-820000 80.0
-810000 68.0
-800000 84.0
-790000 80.0
-780000 84.0
-770000 76.0
-760000 72.0
-750000 76.0
-740000 84.0
-730000 84.0
-720000 92.0
-710000 96.0
-700000 80.0
-690000 96.0
-680000 88.0
-670000 80.0
-660000 80.0
-650000 84.0
-640000 84.0
-630000 92.0
-620000 84.0
-610000 76.0
-600000 88.0
-590000 88.0
-580000 88.0
-570000 96.0
-560000 80.0
-550000 76.0
-540000 84.0
-530000 80.0
-520000 72.0
-510000 84.0
-500000 80.0
-490000 80.0
-480000 84.0
-470000 76.0
-460000 92.0
-450000 84.0
-440000 72.0
-430000 92.0
-420000 80.0
-410000 92.0
-400000 96.0
-390000 80.0
-380000 72.0
-370000 84.0
-360000 72.0
-350000 88.0
-340000 72.0
-330000 92.0
-320000 64.0
-310000 80.0
-300000 80.0
-290000 96.0
-280000 92.0
-270000 88.0
-260000 64.0
-250000 84.0
-240000 80.0
-230000 84.0
-220000 88.0
-210000 84.0
-200000 84.0
-190000 96.0
-180000 92.0
-170000 72.0
-160000 76.0
-150000 88.0
-140000 84.0
-130000 64.0
-120000 80.0
-110000 92.0
-100000 80.0
-90000 84.0
-80000 72.0
-70000 92.0
-60000 84.0
-50000 92.0
-40000 72.0
-30000 92.0
-20000 80.0
-10000 64.0
0 80.0
10000 76.0
20000 68.0
30000 72.0
40000 64.0
50000 92.0
60000 80.0
70000 68.0
80000 52.0
90000 64.0
100000 76.0
110000 60.0
120000 76.0
130000 80.0
140000 60.0
150000 80.0
160000 76.0
170000 68.0
180000 92.0
190000 84.0
200000 88.0
210000 76.0
220000 80.0
230000 92.0
240000 88.0
250000 76.0
260000 92.0
270000 84.0
280000 84.0
290000 84.0
300000 80.0
310000 88.0
320000 64.0
330000 88.0
340000 84.0
350000 72.0
360000 88.0
370000 88.0
380000 88.0
390000 84.0
400000 88.0
410000 72.0
420000 88.0
430000 76.0
440000 88.0
450000 72.0
460000 88.0
470000 84.0
480000 96.0
490000 76.0
500000 88.0
510000 72.0
520000 76.0
530000 80.0
540000 80.0
550000 80.0
560000 68.0
570000 96.0
580000 84.0
590000 84.0
600000 88.0
610000 84.0
620000 84.0
630000 76.0
640000 84.0
650000 84.0
660000 80.0
670000 88.0
680000 72.0
690000 76.0
700000 88.0
710000 92.0
720000 80.0
730000 72.0
740000 88.0
750000 96.0
760000 80.0
770000 84.0
780000 68.0
790000 80.0
800000 80.0
810000 92.0
820000 80.0
830000 80.0
840000 84.0
850000 84.0
860000 92.0
870000 88.0
880000 84.0
890000 80.0
900000 80.0
910000 76.0
920000 80.0
930000 88.0
940000 84.0
950000 88.0
960000 88.0
970000 88.0
980000 88.0
990000 96.0
1000000 84.0
