-990000 0.0
-980000 8.0
-970000 24.0
-960000 48.0
-950000 56.0
-940000 36.0
-930000 48.0
-920000 56.0
-910000 80.0
-900000 60.0
-890000 64.0
-880000 52.0
-870000 44.0
-860000 68.0
-850000 60.0
-840000 60.0
-830000 76.0
-820000 40.0
-810000 64.0
-800000 60.0
-790000 72.0
-780000 56.0
-770000 76.0
-760000 48.0
-750000 52.0
-740000 48.0
-730000 60.0
-720000 48.0
-710000 48.0
-700000 32.0
-690000 52.0
-680000 60.0
-670000 68.0
-660000 76.0
-650000 56.0
-640000 56.0
-630000 52.0
-620000 52.0
-610000 60.0
-600000 64.0
-590000 44.0
-580000 48.0
-570000 52.0
-560000 60.0
-550000 64.0
-540000 48.0
-530000 64.0
-520000 64.0
-510000 64.0
-500000 64.0
-490000 52.0
-480000 48.0
-470000 48.0
-460000 60.0
-450000 72.0
-440000 60.0
-430000 60.0
-420000 64.0
-410000 64.0
-400000 68.0
-390000 56.0
-380000 76.0
-370000 40.0
-360000 56.0
-350000 56.0
-340000 52.0
-330000 40.0
-320000 40.0
-310000 56.0
-300000 36.0
-290000 48.0
-280000 40.0
-270000 40.0
-260000 36.0
-250000 60.0
-240000 56.0
-230000 64.0
-220000 48.0
-210000 56.0
-200000 28.0
-190000 64.0
-180000 56.0
-170000 68.0
-160000 68.0
-150000 52.0
-140000 60.0
-130000 44.0
-120000 56.0
-110000 60.0
-100000 32.0
-90000 40.0
-80000 48.0
-70000 60.0
-60000 36.0
-50000 48.0
-40000 56.0
-30000 40.0
-20000 56.0
-10000 44.0
0 40.0
10000 32.0
20000 44.0
30000 32.0
40000 36.0
50000 68.0
60000 44.0
70000 40.0
80000 52.0
90000 40.0
100000 48.0
110000 60.0
120000 68.0
130000 40.0
140000 16.0
150000 36.0
160000 28.0
170000 36.0
180000 36.0
190000 40.0
200000 16.0
210000 32.0
220000 36.0
230000 24.0
240000 16.0
250000 32.0
260000 32.0
270000 52.0
280000 60.0
290000 64.0
300000 32.0
310000 32.0
320000 44.0
330000 56.0
340000 56.0
350000 60.0
360000 56.0
370000 40.0
380000 44.0
390000 36.0
400000 64.0
410000 28.0
420000 20.0
430000 32.0
440000 48.0
450000 40.0
460000 20.0
470000 40.0
480000 44.0
490000 52.0
500000 44.0
510000 20.0
520000 32.0
530000 24.0
540000 40.0
550000 40.0
560000 52.0
570000 48.0
580000 44.0
590000 48.0
600000 36.0
610000 44.0
620000 48.0
630000 40.0
640000 48.0
650000 36.0
660000 32.0
670000 56.0
680000 20.0
690000 56.0
700000 36.0
710000 52.0
720000 60.0
730000 56.0
740000 40.0
750000 40.0
760000 36.0
770000 40.0
780000 56.0
790000 56.0
800000 48.0
810000 48.0
820000 52.0
830000 40.0
840000 40.0
850000 60.0
860000 48.0
870000 40.0
880000 40.0
890000 40.0
900000 40.0
910000 28.0
920000 12.0
930000 36.0
940000 12.0
950000 28.0
960000 52.0
970000 44.0
980000 48.0
990000 60.0
1000000 56.0
