-990000 0.0
-980000 24.0
-970000 56.0
-960000 56.0
-950000 44.0
-940000 44.0
-930000 32.0
-920000 60.0
-910000 68.0
-900000 60.0
-890000 40.0
-880000 52.0
-870000 52.0
-860000 52.0
-850000 44.0
-840000 44.0
-830000 56.0
-820000 56.0
-810000 64.0
-800000 80.0
-790000 48.0
-780000 60.0
-770000 48.0
-760000 60.0
-750000 60.0
-740000 64.0
-730000 56.0
-720000 40.0
-710000 36.0
-700000 44.0
-690000 60.0
-680000 56.0
-670000 60.0
-660000 44.0
-650000 60.0
-640000 56.0
-630000 40.0
-620000 64.0
-610000 56.0
-600000 52.0
-590000 36.0
-580000 36.0
-570000 52.0
-560000 48.0
-550000 64.0
-540000 64.0
-530000 40.0
-520000 72.0
-510000 40.0
-500000 56.0
-490000 44.0
-480000 56.0
-470000 52.0
-460000 60.0
-450000 64.0
-440000 44.0
-430000 60.0
-420000 52.0
-410000 52.0
-400000 64.0
-390000 64.0
-380000 52.0
-370000 56.0
-360000 52.0
-350000 52.0
-340000 60.0
-330000 48.0
-320000 56.0
-310000 56.0
-300000 56.0
-290000 52.0
-280000 48.0
-270000 48.0
-260000 48.0
-250000 40.0
-240000 56.0
-230000 48.0
-220000 48.0
-210000 48.0
-200000 56.0
-190000 44.0
-180000 56.0
-170000 48.0
-160000 28.0
-150000 56.0
-140000 64.0
-130000 52.0
-120000 52.0
-110000 64.0
-100000 64.0
-90000 48.0
-80000 44.0
-70000 32.0
-60000 52.0
-50000 48.0
-40000 52.0
-30000 52.0
-20000 52.0
-10000 68.0
0 32.0
10000 56.0
20000 56.0
30000 64.0
40000 56.0
50000 80.0
60000 68.0
70000 68.0
80000 72.0
90000 72.0
100000 32.0
110000 48.0
120000 44.0
130000 76.0
140000 44.0
150000 60.0
160000 60.0
170000 56.0
180000 24.0
190000 16.0
200000 40.0
210000 20.0
220000 52.0
230000 44.0
240000 52.0
250000 44.0
260000 16.0
270000 40.0
280000 24.0
290000 32.0
300000 44.0
310000 12.0
320000 36.0
330000 40.0
340000 60.0
350000 20.0
360000 44.0
370000 20.0
380000 36.0
390000 40.0
400000 24.0
410000 28.0
420000 24.0
430000 24.0
440000 36.0
450000 48.0
460000 56.0
470000 72.0
480000 60.0
490000 64.0
500000 76.0
510000 64.0
520000 72.0
530000 60.0
540000 60.0
550000 56.0
560000 64.0
570000 56.0
580000 36.0
590000 52.0
600000 44.0
610000 36.0
620000 64.0
630000 48.0
640000 56.0
650000 36.0
660000 44.0
670000 40.0
680000 48.0
690000 64.0
700000 44.0
710000 28.0
720000 48.0
730000 72.0
740000 56.0
750000 60.0
760000 28.0
770000 24.0
780000 36.0
790000 32.0
800000 56.0
810000 56.0
820000 32.0
830000 64.0
840000 56.0
850000 28.0
860000 36.0
870000 24.0
880000 40.0
890000 28.0
900000 48.0
910000 28.0
920000 28.0
930000 56.0
940000 44.0
950000 44.0
960000 16.0
970000 52.0
980000 48.0
990000 56.0
1000000 40.0
