-990000 0.0
-980000 44.0
-970000 44.0
-960000 24.0
-950000 48.0
-940000 40.0
-930000 40.0
-920000 44.0
-910000 56.0
-900000 52.0
-890000 40.0
-880000 44.0
-870000 56.0
-860000 64.0
-850000 60.0
-840000 48.0
-830000 36.0
-820000 48.0
-810000 64.0
-800000 40.0
-790000 64.0
-780000 48.0
-770000 60.0
-760000 60.0
-750000 44.0
-740000 60.0
-730000 44.0
-720000 36.0
-710000 40.0
-700000 32.0
-690000 48.0
-680000 48.0
-670000 52.0
-660000 44.0
-650000 72.0
-640000 44.0
-630000 52.0
-620000 48.0
-610000 44.0
-600000 64.0
-590000 48.0
-580000 28.0
-570000 28.0
-560000 56.0
-550000 52.0
-540000 40.0
-530000 28.0
-520000 68.0
-510000 36.0
-500000 40.0
-490000 28.0
-480000 40.0
-470000 28.0
-460000 64.0
-450000 60.0
-440000 24.0
-430000 32.0
-420000 40.0
-410000 36.0
-400000 48.0
-390000 48.0
-380000 40.0
-370000 32.0
-360000 32.0
-350000 60.0
-340000 44.0
-330000 44.0
-320000 36.0
-310000 52.0
-300000 60.0
-290000 36.0
-280000 44.0
-270000 40.0
-260000 48.0
-250000 36.0
-240000 20.0
-230000 56.0
-220000 40.0
-210000 48.0
-200000 44.0
-190000 36.0
-180000 44.0
-170000 40.0
-160000 40.0
-150000 44.0
-140000 44.0
-130000 40.0
-120000 28.0
-110000 32.0
-100000 40.0
-90000 28.0
-80000 36.0
-70000 24.0
-60000 40.0
-50000 36.0
-40000 24.0
-30000 24.0
-20000 40.0
-10000 32.0
0 48.0
10000 44.0
20000 40.0
30000 64.0
40000 60.0
50000 52.0
60000 56.0
70000 68.0
80000 64.0
90000 60.0
100000 36.0
110000 44.0
120000 72.0
130000 48.0
140000 36.0
150000 44.0
160000 44.0
170000 36.0
180000 44.0
190000 40.0
200000 64.0
210000 32.0
220000 32.0
230000 36.0
240000 52.0
250000 36.0
260000 36.0
270000 24.0
280000 40.0
290000 76.0
300000 44.0
310000 24.0
320000 32.0
330000 60.0
340000 36.0
350000 52.0
360000 36.0
370000 32.0
380000 36.0
390000 40.0
400000 48.0
410000 52.0
420000 56.0
430000 36.0
440000 56.0
450000 44.0
460000 60.0
470000 44.0
480000 36.0
490000 56.0
500000 56.0
510000 52.0
520000 20.0
530000 40.0
540000 40.0
550000 68.0
560000 48.0
570000 20.0
580000 52.0
590000 44.0
600000 8.0
610000 36.0
620000 36.0
630000 16.0
640000 32.0
650000 24.0
660000 32.0
670000 32.0
680000 40.0
690000 16.0
700000 20.0
710000 40.0
720000 52.0
730000 24.0
740000 16.0
750000 40.0
760000 32.0
770000 36.0
780000 28.0
790000 28.0
800000 20.0
810000 24.0
820000 16.0
830000 8.0
840000 56.0
850000 40.0
860000 52.0
870000 36.0
880000 32.0
890000 44.0
900000 36.0
910000 36.0
920000 12.0
930000 20.0
940000 28.0
950000 44.0
960000 24.0
970000 16.0
980000 32.0
990000 12.0
1000000 20.0
