-990000 0.0
-980000 16.0
-970000 24.0
-960000 48.0
-950000 48.0
-940000 60.0
-930000 72.0
-920000 60.0
-910000 56.0
-900000 44.0
-890000 76.0
-880000 76.0
-870000 64.0
-860000 68.0
-850000 56.0
-840000 56.0
-830000 60.0
-820000 64.0
-810000 64.0
-800000 60.0
-790000 76.0
-780000 68.0
-770000 72.0
-760000 52.0
-750000 64.0
-740000 72.0
-730000 60.0
-720000 64.0
-710000 68.0
-700000 60.0
-690000 56.0
-680000 68.0
-670000 48.0
-660000 64.0
-650000 64.0
-640000 52.0
-630000 56.0
-620000 64.0
-610000 68.0
-600000 52.0
-590000 80.0
-580000 60.0
-570000 56.0
-560000 56.0
-550000 48.0
-540000 64.0
-530000 48.0
-520000 68.0
-510000 56.0
-500000 52.0
-490000 68.0
-480000 40.0
-470000 68.0
-460000 60.0
-450000 72.0
-440000 60.0
-430000 56.0
-420000 48.0
-410000 76.0
-400000 76.0
-390000 48.0
-380000 72.0
-370000 48.0
-360000 72.0
-350000 52.0
-340000 72.0
-330000 68.0
-320000 64.0
-310000 64.0
-300000 68.0
-290000 64.0
-280000 68.0
-270000 64.0
-260000 68.0
-250000 44.0
-240000 68.0
-230000 64.0
-220000 56.0
-210000 56.0
-200000 60.0
-190000 40.0
-180000 60.0
-170000 56.0
-160000 60.0
-150000 68.0
-140000 64.0
-130000 68.0
-120000 60.0
-110000 80.0
-100000 56.0
-90000 76.0
-80000 80.0
-70000 76.0
-60000 64.0
-50000 76.0
-40000 68.0
-30000 72.0
-20000 68.0
-10000 48.0
0 64.0
10000 64.0
20000 72.0
30000 64.0
40000 72.0
50000 84.0
60000 48.0
70000 68.0
80000 56.0
90000 80.0
100000 48.0
110000 60.0
120000 72.0
130000 72.0
140000 28.0
150000 40.0
160000 60.0
170000 28.0
180000 32.0
190000 52.0
200000 48.0
210000 28.0
220000 64.0
230000 64.0
240000 64.0
250000 80.0
260000 40.0
270000 16.0
280000 32.0
290000 36.0
300000 24.0
310000 16.0
320000 32.0
330000 64.0
340000 28.0
350000 0.0
360000 20.0
370000 24.0
380000 4.0
390000 8.0
400000 12.0
410000 4.0
420000 20.0
430000 12.0
440000 8.0
450000 12.0
460000 16.0
470000 16.0
480000 16.0
490000 16.0
500000 4.0
510000 16.0
520000 12.0
530000 20.0
540000 16.0
550000 4.0
560000 8.0
570000 16.0
580000 24.0
590000 32.0
600000 0.0
610000 12.0
620000 16.0
630000 24.0
640000 28.0
650000 20.0
660000 32.0
670000 16.0
680000 12.0
690000 24.0
700000 12.0
710000 8.0
720000 12.0
730000 12.0
740000 8.0
750000 12.0
760000 8.0
770000 24.0
780000 16.0
790000 24.0
800000 8.0
810000 8.0
820000 0.0
830000 8.0
840000 40.0
850000 12.0
860000 4.0
870000 4.0
880000 8.0
890000 24.0
900000 24.0
910000 8.0
920000 8.0
930000 8.0
940000 28.0
950000 24.0
960000 16.0
970000 8.0
980000 24.0
990000 12.0
1000000 16.0
