-990000 0.0
-980000 0.0
-970000 0.0
-960000 16.0
-950000 8.0
-940000 24.0
-930000 24.0
-920000 56.0
-910000 36.0
-900000 72.0
-890000 52.0
-880000 64.0
-870000 48.0
-860000 84.0
-850000 92.0
-840000 56.0
-830000 64.0
-820000 76.0
-810000 80.0
-800000 76.0
-790000 76.0
-780000 72.0
-770000 64.0
-760000 88.0
-750000 88.0
-740000 52.0
-730000 76.0
-720000 80.0
-710000 80.0
-700000 76.0
-690000 88.0
-680000 84.0
-670000 72.0
-660000 72.0
-650000 64.0
-640000 76.0
-630000 80.0
-620000 80.0
-610000 72.0
-600000 60.0
-590000 80.0
-580000 64.0
-570000 84.0
-560000 72.0
-550000 96.0
-540000 72.0
-530000 60.0
-520000 76.0
-510000 92.0
-500000 72.0
-490000 68.0
-480000 96.0
-470000 76.0
-460000 88.0
-450000 88.0
-440000 84.0
-430000 84.0
-420000 88.0
-410000 92.0
-400000 80.0
-390000 64.0
-380000 60.0
-370000 92.0
-360000 84.0
-350000 72.0
-340000 80.0
-330000 92.0
-320000 88.0
-310000 68.0
-300000 80.0
-290000 60.0
-280000 92.0
-270000 84.0
-260000 76.0
-250000 92.0
-240000 88.0
-230000 72.0
-220000 80.0
-210000 84.0
-200000 72.0
-190000 80.0
-180000 72.0
-170000 96.0
-160000 92.0
-150000 88.0
-140000 92.0
-130000 96.0
-120000 80.0
-110000 80.0
-100000 72.0
-90000 76.0
-80000 88.0
-70000 76.0
-60000 72.0
-50000 72.0
-40000 84.0
-30000 76.0
-20000 60.0
-10000 72.0
0 100.0
10000 88.0
20000 80.0
30000 52.0
40000 24.0
50000 32.0
60000 52.0
70000 56.0
80000 48.0
90000 56.0
100000 60.0
110000 48.0
120000 56.0
130000 64.0
140000 64.0
150000 80.0
160000 76.0
170000 72.0
180000 100.0
190000 72.0
200000 88.0
210000 92.0
220000 92.0
230000 76.0
240000 76.0
250000 84.0
260000 76.0
270000 68.0
280000 96.0
290000 76.0
300000 76.0
310000 60.0
320000 76.0
330000 68.0
340000 84.0
350000 92.0
360000 80.0
370000 72.0
380000 80.0
390000 92.0
400000 84.0
410000 84.0
420000 68.0
430000 88.0
440000 84.0
450000 76.0
460000 76.0
470000 68.0
480000 76.0
490000 96.0
500000 92.0
510000 84.0
520000 68.0
530000 84.0
540000 76.0
550000 72.0
560000 88.0
570000 84.0
580000 96.0
590000 88.0
600000 80.0
610000 88.0
620000 76.0
630000 72.0
640000 72.0
650000 76.0
660000 88.0
670000 60.0
680000 92.0
690000 80.0
700000 80.0
710000 72.0
720000 88.0
730000 76.0
740000 84.0
750000 88.0
760000 84.0
770000 80.0
780000 80.0
790000 76.0
800000 88.0
810000 88.0
820000 80.0
830000 84.0
840000 84.0
850000 80.0
860000 84.0
870000 88.0
880000 80.0
890000 68.0
900000 80.0
910000 72.0
920000 84.0
930000 76.0
940000 92.0
950000 64.0
960000 88.0
970000 84.0
980000 68.0
990000 80.0
1000000 92.0
