-990000 0.0
-980000 56.0
-970000 72.0
-960000 36.0
-950000 68.0
-940000 64.0
-930000 60.0
-920000 76.0
-910000 64.0
-900000 60.0
-890000 80.0
-880000 80.0
-870000 68.0
-860000 88.0
-850000 64.0
-840000 60.0
-830000 72.0
-820000 76.0
-810000 80.0
-800000 76.0
-790000 84.0
-780000 80.0
-770000 72.0
-760000 84.0
-750000 80.0
-740000 68.0
-730000 76.0
-720000 76.0
-710000 68.0
-700000 80.0
-690000 56.0
-680000 76.0
-670000 84.0
-660000 76.0
-650000 68.0
-640000 72.0
-630000 84.0
-620000 72.0
-610000 88.0
-600000 72.0
-590000 76.0
-580000 72.0
-570000 68.0
-560000 60.0
-550000 68.0
-540000 60.0
-530000 68.0
-520000 64.0
-510000 84.0
-500000 60.0
-490000 76.0
-480000 52.0
-470000 76.0
-460000 76.0
-450000 76.0
-440000 80.0
-430000 80.0
-420000 76.0
-410000 80.0
-400000 68.0
-390000 80.0
-380000 60.0
-370000 68.0
-360000 68.0
-350000 72.0
-340000 76.0
-330000 68.0
-320000 68.0
-310000 76.0
-300000 72.0
-290000 64.0
-280000 68.0
-270000 72.0
-260000 76.0
-250000 64.0
-240000 68.0
-230000 84.0
-220000 72.0
-210000 80.0
-200000 80.0
-190000 68.0
-180000 60.0
-170000 60.0
-160000 88.0
-150000 64.0
-140000 76.0
-130000 84.0
-120000 76.0
-110000 92.0
-100000 72.0
-90000 72.0
-80000 80.0
-70000 88.0
-60000 64.0
-50000 80.0
-40000 72.0
-30000 92.0
-20000 64.0
-10000 72.0
0 84.0
10000 68.0
20000 60.0
30000 72.0
40000 84.0
50000 64.0
60000 80.0
70000 72.0
80000 92.0
90000 68.0
100000 76.0
110000 80.0
120000 64.0
130000 92.0
140000 60.0
150000 72.0
160000 68.0
170000 56.0
180000 44.0
190000 24.0
200000 32.0
210000 52.0
220000 72.0
230000 80.0
240000 84.0
250000 68.0
260000 64.0
270000 64.0
280000 24.0
290000 32.0
300000 48.0
310000 40.0
320000 64.0
330000 76.0
340000 72.0
350000 60.0
360000 80.0
370000 84.0
380000 76.0
390000 60.0
400000 72.0
410000 72.0
420000 52.0
430000 60.0
440000 68.0
450000 68.0
460000 64.0
470000 84.0
480000 84.0
490000 72.0
500000 88.0
510000 76.0
520000 68.0
530000 84.0
540000 76.0
550000 60.0
560000 76.0
570000 68.0
580000 76.0
590000 64.0
600000 80.0
610000 60.0
620000 72.0
630000 52.0
640000 76.0
650000 64.0
660000 68.0
670000 68.0
680000 64.0
690000 68.0
700000 68.0
710000 72.0
720000 60.0
730000 76.0
740000 44.0
750000 64.0
760000 72.0
770000 68.0
780000 76.0
790000 80.0
800000 64.0
810000 60.0
820000 72.0
830000 64.0
840000 68.0
850000 56.0
860000 76.0
870000 72.0
880000 56.0
890000 80.0
900000 72.0
910000 80.0
920000 72.0
930000 64.0
940000 64.0
950000 56.0
960000 56.0
970000 76.0
980000 60.0
990000 52.0
1000000 56.0
