-990000 0.0
-980000 0.0
-970000 16.0
-960000 32.0
-950000 28.0
-940000 92.0
-930000 60.0
-920000 64.0
-910000 40.0
-900000 40.0
-890000 60.0
-880000 72.0
-870000 84.0
-860000 68.0
-850000 68.0
-840000 72.0
-830000 76.0
-820000 76.0
-810000 92.0
-800000 64.0
-790000 92.0
-780000 60.0
-770000 84.0
-760000 84.0
-750000 84.0
-740000 64.0
-730000 84.0
-720000 88.0
-710000 88.0
-700000 84.0
-690000 80.0
-680000 72.0
-670000 88.0
-660000 84.0
-650000 80.0
-640000 88.0
-630000 92.0
-620000 72.0
-610000 80.0
-600000 84.0
-590000 88.0
-580000 76.0
-570000 64.0
-560000 76.0
-550000 80.0
-540000 96.0
-530000 96.0
-520000 88.0
-510000 96.0
-500000 88.0
-490000 84.0
-480000 92.0
-470000 92.0
-460000 84.0
-450000 80.0
-440000 96.0
-430000 88.0
-420000 76.0
-410000 80.0
-400000 80.0
-390000 92.0
-380000 92.0
-370000 84.0
-360000 80.0
-350000 92.0
-340000 84.0
-330000 80.0
-320000 84.0
-310000 96.0
-300000 84.0
-290000 100.0
-280000 88.0
-270000 72.0
-260000 84.0
-250000 92.0
-240000 88.0
-230000 92.0
-220000 84.0
-210000 100.0
-200000 84.0
-190000 92.0
-180000 84.0
-170000 96.0
-160000 84.0
-150000 96.0
-140000 92.0
-130000 80.0
-120000 76.0
-110000 84.0
-100000 84.0
-90000 88.0
-80000 84.0
-70000 96.0
-60000 96.0
-50000 88.0
-40000 88.0
-30000 76.0
-20000 88.0
-10000 100.0
0 84.0
10000 92.0
20000 92.0
30000 56.0
40000 52.0
50000 56.0
60000 76.0
70000 80.0
80000 72.0
90000 80.0
100000 88.0
110000 68.0
120000 68.0
130000 92.0
140000 72.0
150000 92.0
160000 96.0
170000 100.0
180000 88.0
190000 88.0
200000 84.0
210000 56.0
220000 88.0
230000 76.0
240000 92.0
250000 84.0
260000 84.0
270000 92.0
280000 96.0
290000 88.0
300000 84.0
310000 92.0
320000 64.0
330000 92.0
340000 68.0
350000 76.0
360000 84.0
370000 88.0
380000 60.0
390000 44.0
400000 84.0
410000 88.0
420000 72.0
430000 76.0
440000 84.0
450000 96.0
460000 88.0
470000 96.0
480000 80.0
490000 96.0
500000 80.0
510000 96.0
520000 96.0
530000 92.0
540000 100.0
550000 92.0
560000 96.0
570000 88.0
580000 96.0
590000 64.0
600000 88.0
610000 92.0
620000 88.0
630000 100.0
640000 84.0
650000 96.0
660000 80.0
670000 80.0
680000 96.0
690000 80.0
700000 92.0
710000 92.0
720000 88.0
730000 88.0
740000 92.0
750000 88.0
760000 92.0
770000 96.0
780000 80.0
790000 96.0
800000 96.0
810000 88.0
820000 84.0
830000 92.0
840000 96.0
850000 92.0
860000 100.0
870000 96.0
880000 100.0
890000 92.0
900000 92.0
910000 100.0
920000 96.0
930000 96.0
940000 84.0
950000 88.0
960000 92.0
970000 92.0
980000 80.0
990000 96.0
1000000 84.0
