-990000 0.0
-980000 0.0
-970000 0.0
-960000 0.0
-950000 4.0
-940000 0.0
-930000 4.0
-920000 16.0
-910000 24.0
-900000 8.0
-890000 12.0
-880000 20.0
-870000 32.0
-860000 36.0
-850000 64.0
-840000 60.0
-830000 56.0
-820000 60.0
-810000 64.0
-800000 52.0
-790000 64.0
-780000 44.0
-770000 64.0
-760000 84.0
-750000 68.0
-740000 80.0
-730000 56.0
-720000 76.0
-710000 84.0
-700000 84.0
-690000 72.0
-680000 88.0
-670000 68.0
-660000 60.0
-650000 60.0
-640000 64.0
-630000 76.0
-620000 80.0
-610000 88.0
-600000 72.0
-590000 44.0
-580000 52.0
-570000 80.0
-560000 76.0
-550000 60.0
-540000 84.0
-530000 72.0
-520000 92.0
-510000 60.0
-500000 72.0
-490000 64.0
-480000 68.0
-470000 76.0
-460000 88.0
-450000 76.0
-440000 84.0
-430000 88.0
-420000 88.0
-410000 60.0
-400000 76.0
-390000 96.0
-380000 84.0
-370000 84.0
-360000 68.0
-350000 80.0
-340000 80.0
-330000 80.0
-320000 84.0
-310000 76.0
-300000 88.0
-290000 72.0
-280000 68.0
-270000 88.0
-260000 76.0
-250000 92.0
-240000 76.0
-230000 80.0
-220000 96.0
-210000 88.0
-200000 76.0
-190000 88.0
-180000 92.0
-170000 88.0
-160000 84.0
-150000 96.0
-140000 60.0
-130000 84.0
-120000 84.0
-110000 88.0
-100000 80.0
-90000 80.0
-80000 76.0
-70000 100.0
-60000 84.0
-50000 76.0
-40000 80.0
-30000 84.0
-20000 84.0
-10000 72.0
0 88.0
10000 68.0
20000 68.0
30000 64.0
40000 68.0
50000 88.0
60000 84.0
70000 36.0
80000 16.0
90000 56.0
100000 80.0
110000 88.0
120000 80.0
130000 72.0
140000 80.0
150000 76.0
160000 80.0
170000 68.0
180000 24.0
190000 72.0
200000 48.0
210000 80.0
220000 56.0
230000 60.0
240000 96.0
250000 80.0
260000 72.0
270000 88.0
280000 68.0
290000 60.0
300000 92.0
310000 84.0
320000 40.0
330000 84.0
340000 84.0
350000 84.0
360000 32.0
370000 80.0
380000 44.0
390000 64.0
400000 84.0
410000 92.0
420000 64.0
430000 76.0
440000 84.0
450000 60.0
460000 88.0
470000 88.0
480000 80.0
490000 68.0
500000 68.0
510000 68.0
520000 72.0
530000 88.0
540000 64.0
550000 84.0
560000 76.0
570000 72.0
580000 92.0
590000 84.0
600000 76.0
610000 64.0
620000 88.0
630000 76.0
640000 76.0
650000 68.0
660000 76.0
670000 72.0
680000 72.0
690000 80.0
700000 76.0
710000 68.0
720000 84.0
730000 92.0
740000 80.0
750000 92.0
760000 80.0
770000 76.0
780000 88.0
790000 80.0
800000 76.0
810000 60.0
820000 72.0
830000 76.0
840000 80.0
850000 88.0
860000 88.0
870000 80.0
880000 88.0
890000 76.0
900000 96.0
910000 92.0
920000 80.0
930000 80.0
940000 88.0
950000 88.0
960000 96.0
970000 80.0
980000 84.0
990000 80.0
1000000 76.0
