-990000 0.0
-980000 0.0
-970000 16.0
-960000 0.0
-950000 16.0
-940000 40.0
-930000 56.0
-920000 48.0
-910000 68.0
-900000 80.0
-890000 72.0
-880000 68.0
-870000 76.0
-860000 64.0
-850000 60.0
-840000 92.0
-830000 88.0
-820000 84.0
-810000 68.0
-800000 92.0
-790000 80.0
-780000 80.0
-770000 92.0
-760000 92.0
-750000 96.0
-740000 92.0
-730000 84.0
-720000 84.0
-710000 84.0
-700000 84.0
-690000 84.0
-680000 72.0
-670000 84.0
-660000 88.0
-650000 64.0
-640000 80.0
-630000 76.0
-620000 88.0
-610000 72.0
-600000 76.0
-590000 84.0
-580000 96.0
-570000 68.0
-560000 84.0
-550000 92.0
-540000 92.0
-530000 92.0
-520000 76.0
-510000 80.0
-500000 88.0
-490000 68.0
-480000 84.0
-470000 72.0
-460000 92.0
-450000 88.0
-440000 76.0
-430000 100.0
-420000 84.0
-410000 84.0
-400000 88.0
-390000 84.0
-380000 88.0
-370000 88.0
-360000 80.0
-350000 92.0
-340000 100.0
-330000 76.0
-320000 92.0
-310000 88.0
-300000 88.0
-290000 88.0
-280000 92.0
-270000 68.0
-260000 88.0
-250000 88.0
-240000 92.0
-230000 92.0
-220000 96.0
-210000 96.0
-200000 76.0
-190000 80.0
-180000 80.0
-170000 96.0
-160000 84.0
-150000 88.0
-140000 76.0
-130000 92.0
-120000 80.0
-110000 92.0
-100000 92.0
-90000 92.0
-80000 80.0
-70000 92.0
-60000 100.0
-50000 96.0
-40000 92.0
-30000 92.0
-20000 88.0
-10000 96.0
0 92.0
10000 88.0
20000 80.0
30000 48.0
40000 84.0
50000 68.0
60000 68.0
70000 92.0
80000 92.0
90000 84.0
100000 64.0
110000 96.0
120000 92.0
130000 96.0
140000 84.0
150000 84.0
160000 76.0
170000 84.0
180000 80.0
190000 92.0
200000 88.0
210000 76.0
220000 80.0
230000 40.0
240000 72.0
250000 88.0
260000 92.0
270000 84.0
280000 88.0
290000 96.0
300000 84.0
310000 68.0
320000 92.0
330000 80.0
340000 92.0
350000 100.0
360000 92.0
370000 96.0
380000 88.0
390000 88.0
400000 88.0
410000 92.0
420000 100.0
430000 80.0
440000 88.0
450000 96.0
460000 96.0
470000 100.0
480000 92.0
490000 80.0
500000 92.0
510000 84.0
520000 84.0
530000 92.0
540000 96.0
550000 80.0
560000 80.0
570000 92.0
580000 92.0
590000 92.0
600000 92.0
610000 92.0
620000 84.0
630000 100.0
640000 84.0
650000 84.0
660000 92.0
670000 92.0
680000 84.0
690000 84.0
700000 80.0
710000 92.0
720000 96.0
730000 84.0
740000 96.0
750000 92.0
760000 92.0
770000 92.0
780000 76.0
790000 92.0
800000 88.0
810000 84.0
820000 92.0
830000 88.0
840000 92.0
850000 88.0
860000 88.0
870000 96.0
880000 88.0
890000 84.0
900000 84.0
910000 88.0
920000 100.0
930000 100.0
940000 92.0
950000 96.0
960000 92.0
970000 88.0
980000 88.0
990000 92.0
1000000 88.0
