-990000 0.0
-980000 4.0
-970000 56.0
-960000 40.0
-950000 28.0
-940000 32.0
-930000 64.0
-920000 48.0
-910000 56.0
-900000 56.0
-890000 72.0
-880000 64.0
-870000 52.0
-860000 72.0
-850000 60.0
-840000 56.0
-830000 80.0
-820000 60.0
-810000 64.0
-800000 76.0
-790000 68.0
-780000 56.0
-770000 56.0
-760000 68.0
-750000 76.0
-740000 60.0
-730000 68.0
-720000 68.0
-710000 72.0
-700000 60.0
-690000 60.0
-680000 64.0
-670000 36.0
-660000 60.0
-650000 56.0
-640000 36.0
-630000 56.0
-620000 64.0
-610000 44.0
-600000 52.0
-590000 36.0
-580000 36.0
-570000 48.0
-560000 44.0
-550000 56.0
-540000 60.0
-530000 28.0
-520000 44.0
-510000 52.0
-500000 52.0
-490000 48.0
-480000 48.0
-470000 56.0
-460000 56.0
-450000 44.0
-440000 56.0
-430000 44.0
-420000 60.0
-410000 40.0
-400000 44.0
-390000 44.0
-380000 56.0
-370000 44.0
-360000 36.0
-350000 40.0
-340000 48.0
-330000 68.0
-320000 68.0
-310000 60.0
-300000 60.0
-290000 48.0
-280000 44.0
-270000 48.0
-260000 40.0
-250000 52.0
-240000 52.0
-230000 64.0
-220000 52.0
-210000 44.0
-200000 36.0
-190000 64.0
-180000 72.0
-170000 32.0
-160000 48.0
-150000 72.0
-140000 52.0
-130000 44.0
-120000 48.0
-110000 48.0
-100000 60.0
-90000 52.0
-80000 48.0
-70000 40.0
-60000 40.0
-50000 60.0
-40000 48.0
-30000 56.0
-20000 48.0
-10000 44.0
0 56.0
10000 32.0
20000 52.0
30000 48.0
40000 68.0
50000 52.0
60000 76.0
70000 52.0
80000 72.0
90000 68.0
100000 72.0
110000 80.0
120000 68.0
130000 40.0
140000 28.0
150000 80.0
160000 52.0
170000 68.0
180000 56.0
190000 56.0
200000 72.0
210000 80.0
220000 36.0
230000 32.0
240000 60.0
250000 56.0
260000 36.0
270000 64.0
280000 68.0
290000 64.0
300000 60.0
310000 48.0
320000 60.0
330000 28.0
340000 20.0
350000 48.0
360000 40.0
370000 48.0
380000 72.0
390000 64.0
400000 48.0
410000 44.0
420000 20.0
430000 52.0
440000 48.0
450000 64.0
460000 52.0
470000 44.0
480000 60.0
490000 64.0
500000 48.0
510000 76.0
520000 32.0
530000 60.0
540000 60.0
550000 56.0
560000 48.0
570000 44.0
580000 60.0
590000 68.0
600000 72.0
610000 64.0
620000 40.0
630000 72.0
640000 44.0
650000 64.0
660000 60.0
670000 68.0
680000 52.0
690000 44.0
700000 56.0
710000 56.0
720000 60.0
730000 52.0
740000 60.0
750000 60.0
760000 52.0
770000 56.0
780000 52.0
790000 64.0
800000 56.0
810000 52.0
820000 32.0
830000 68.0
840000 60.0
850000 28.0
860000 52.0
870000 56.0
880000 68.0
890000 48.0
900000 48.0
910000 56.0
920000 60.0
930000 76.0
940000 72.0
950000 64.0
960000 32.0
970000 48.0
980000 52.0
990000 44.0
1000000 56.0
