-990000 4.0
-980000 44.0
-970000 40.0
-960000 52.0
-950000 52.0
-940000 64.0
-930000 48.0
-920000 76.0
-910000 64.0
-900000 44.0
-890000 48.0
-880000 68.0
-870000 64.0
-860000 76.0
-850000 64.0
-840000 60.0
-830000 68.0
-820000 64.0
-810000 72.0
-800000 48.0
-790000 72.0
-780000 52.0
-770000 80.0
-760000 68.0
-750000 64.0
-740000 60.0
-730000 56.0
-720000 76.0
-710000 68.0
-700000 72.0
-690000 56.0
-680000 64.0
-670000 72.0
-660000 60.0
-650000 72.0
-640000 64.0
-630000 72.0
-620000 88.0
-610000 52.0
-600000 84.0
-590000 68.0
-580000 64.0
-570000 64.0
-560000 76.0
-550000 80.0
-540000 56.0
-530000 72.0
-520000 72.0
-510000 68.0
-500000 76.0
-490000 68.0
-480000 64.0
-470000 60.0
-460000 68.0
-450000 68.0
-440000 64.0
-430000 68.0
-420000 48.0
-410000 72.0
-400000 76.0
-390000 68.0
-380000 64.0
-370000 72.0
-360000 64.0
-350000 56.0
-340000 60.0
-330000 64.0
-320000 56.0
-310000 64.0
-300000 68.0
-290000 44.0
-280000 64.0
-270000 68.0
-260000 68.0
-250000 52.0
-240000 52.0
-230000 60.0
-220000 76.0
-210000 84.0
-200000 76.0
-190000 56.0
-180000 76.0
-170000 80.0
-160000 52.0
-150000 60.0
-140000 64.0
-130000 80.0
-120000 80.0
-110000 80.0
-100000 68.0
-90000 64.0
-80000 72.0
-70000 48.0
-60000 68.0
-50000 76.0
-40000 80.0
-30000 64.0
-20000 76.0
-10000 76.0
0 64.0
10000 60.0
20000 72.0
30000 68.0
40000 64.0
50000 60.0
60000 80.0
70000 48.0
80000 56.0
90000 84.0
100000 68.0
110000 88.0
120000 84.0
130000 80.0
140000 60.0
150000 64.0
160000 60.0
170000 68.0
180000 44.0
190000 76.0
200000 64.0
210000 76.0
220000 88.0
230000 64.0
240000 80.0
250000 56.0
260000 64.0
270000 76.0
280000 52.0
290000 80.0
300000 68.0
310000 80.0
320000 56.0
330000 60.0
340000 56.0
350000 56.0
360000 64.0
370000 68.0
380000 60.0
390000 72.0
400000 80.0
410000 68.0
420000 64.0
430000 80.0
440000 40.0
450000 36.0
460000 68.0
470000 52.0
480000 60.0
490000 60.0
500000 68.0
510000 72.0
520000 52.0
530000 52.0
540000 72.0
550000 64.0
560000 72.0
570000 72.0
580000 80.0
590000 72.0
600000 72.0
610000 44.0
620000 56.0
630000 64.0
640000 72.0
650000 40.0
660000 68.0
670000 68.0
680000 48.0
690000 40.0
700000 52.0
710000 68.0
720000 72.0
730000 24.0
740000 44.0
750000 44.0
760000 40.0
770000 52.0
780000 32.0
790000 48.0
800000 52.0
810000 52.0
820000 32.0
830000 40.0
840000 48.0
850000 32.0
860000 40.0
870000 32.0
880000 24.0
890000 68.0
900000 44.0
910000 24.0
920000 48.0
930000 40.0
940000 56.0
950000 36.0
960000 24.0
970000 32.0
980000 44.0
990000 44.0
1000000 48.0
