-990000 0.0
-980000 0.0
-970000 16.0
-960000 4.0
-950000 64.0
-940000 60.0
-930000 68.0
-920000 76.0
-910000 60.0
-900000 68.0
-890000 72.0
-880000 84.0
-870000 84.0
-860000 76.0
-850000 72.0
-840000 80.0
-830000 64.0
-820000 88.0
-810000 92.0
-800000 84.0
-790000 72.0
-780000 84.0
-770000 88.0
-760000 76.0
-750000 84.0
-740000 80.0
-730000 80.0
-720000 80.0
-710000 84.0
-700000 84.0
-690000 80.0
-680000 96.0
-670000 84.0
-660000 92.0
-650000 76.0
-640000 80.0
-630000 88.0
-620000 88.0
-610000 84.0
-600000 60.0
-590000 96.0
-580000 84.0
-570000 88.0
-560000 80.0
-550000 84.0
-540000 56.0
-530000 88.0
-520000 80.0
-510000 80.0
-500000 76.0
-490000 84.0
-480000 80.0
-470000 84.0
-460000 80.0
-450000 88.0
-440000 84.0
-430000 80.0
-420000 80.0
-410000 92.0
-400000 80.0
-390000 96.0
-380000 88.0
-370000 68.0
-360000 92.0
-350000 84.0
-340000 88.0
-330000 84.0
-320000 84.0
-310000 72.0
-300000 88.0
-290000 92.0
-280000 76.0
-270000 80.0
-260000 76.0
-250000 88.0
-240000 76.0
-230000 92.0
-220000 88.0
-210000 80.0
-200000 68.0
-190000 92.0
-180000 72.0
-170000 96.0
-160000 80.0
-150000 88.0
-140000 92.0
-130000 92.0
-120000 76.0
-110000 68.0
-100000 76.0
-90000 84.0
-80000 80.0
-70000 76.0
-60000 80.0
-50000 84.0
-40000 72.0
-30000 80.0
-20000 60.0
-10000 84.0
0 88.0
10000 80.0
20000 80.0
30000 56.0
40000 60.0
50000 44.0
60000 52.0
70000 40.0
80000 60.0
90000 48.0
100000 60.0
110000 68.0
120000 68.0
130000 88.0
140000 76.0
150000 84.0
160000 84.0
170000 84.0
180000 80.0
190000 76.0
200000 80.0
210000 88.0
220000 84.0
230000 76.0
240000 84.0
250000 80.0
260000 96.0
270000 80.0
280000 84.0
290000 84.0
300000 80.0
310000 64.0
320000 88.0
330000 72.0
340000 64.0
350000 76.0
360000 80.0
370000 76.0
380000 92.0
390000 88.0
400000 88.0
410000 80.0
420000 80.0
430000 80.0
440000 84.0
450000 92.0
460000 96.0
470000 88.0
480000 80.0
490000 84.0
500000 88.0
510000 84.0
520000 80.0
530000 80.0
540000 84.0
550000 92.0
560000 84.0
570000 80.0
580000 76.0
590000 80.0
600000 76.0
610000 80.0
620000 88.0
630000 84.0
640000 84.0
650000 84.0
660000 88.0
670000 92.0
680000 84.0
690000 84.0
700000 76.0
710000 84.0
720000 92.0
730000 80.0
740000 92.0
750000 80.0
760000 84.0
770000 68.0
780000 80.0
790000 80.0
800000 84.0
810000 72.0
820000 96.0
830000 76.0
840000 92.0
850000 72.0
860000 88.0
870000 88.0
880000 92.0
890000 84.0
900000 92.0
910000 84.0
920000 88.0
930000 72.0
940000 92.0
950000 72.0
960000 72.0
970000 96.0
980000 80.0
990000 84.0
1000000 84.0
