-990000 0.0
-980000 4.0
-970000 28.0
-960000 12.0
-950000 56.0
-940000 76.0
-930000 76.0
-920000 76.0
-910000 68.0
-900000 76.0
-890000 48.0
-880000 68.0
-870000 88.0
-860000 76.0
-850000 76.0
-840000 68.0
-830000 84.0
-820000 76.0
-810000 84.0
-800000 96.0
-790000 88.0
-780000 92.0
-770000 92.0
-760000 88.0
-750000 84.0
-740000 84.0
-730000 76.0
-720000 80.0
-710000 76.0
-700000 96.0
-690000 92.0
-680000 84.0
-670000 88.0
-660000 88.0
-650000 72.0
-640000 88.0
-630000 60.0
-620000 84.0
-610000 92.0
-600000 72.0
-590000 76.0
-580000 96.0
-570000 72.0
-560000 92.0
-550000 72.0
-540000 88.0
-530000 96.0
-520000 88.0
-510000 96.0
-500000 80.0
-490000 92.0
-480000 68.0
-470000 96.0
-460000 84.0
-450000 84.0
-440000 96.0
-430000 80.0
-420000 76.0
-410000 84.0
-400000 88.0
-390000 92.0
-380000 88.0
-370000 92.0
-360000 64.0
-350000 80.0
-340000 72.0
-330000 80.0
-320000 76.0
-310000 76.0
-300000 92.0
-290000 88.0
-280000 84.0
-270000 88.0
-260000 96.0
-250000 92.0
-240000 80.0
-230000 80.0
-220000 88.0
-210000 84.0
-200000 60.0
-190000 92.0
-180000 80.0
-170000 76.0
-160000 72.0
-150000 92.0
-140000 76.0
-130000 72.0
-120000 72.0
-110000 88.0
-100000 84.0
-90000 84.0
-80000 68.0
-70000 68.0
-60000 60.0
-50000 88.0
-40000 88.0
-30000 88.0
-20000 76.0
-10000 72.0
0 88.0
10000 84.0
20000 68.0
30000 80.0
40000 60.0
50000 80.0
60000 48.0
70000 56.0
80000 48.0
90000 64.0
100000 44.0
110000 80.0
120000 92.0
130000 84.0
140000 80.0
150000 72.0
160000 84.0
170000 88.0
180000 80.0
190000 88.0
200000 92.0
210000 76.0
220000 92.0
230000 84.0
240000 84.0
250000 84.0
260000 88.0
270000 92.0
280000 96.0
290000 84.0
300000 88.0
310000 72.0
320000 76.0
330000 88.0
340000 80.0
350000 84.0
360000 76.0
370000 88.0
380000 92.0
390000 88.0
400000 88.0
410000 92.0
420000 100.0
430000 56.0
440000 80.0
450000 76.0
460000 72.0
470000 76.0
480000 88.0
490000 80.0
500000 88.0
510000 88.0
520000 92.0
530000 92.0
540000 76.0
550000 96.0
560000 80.0
570000 72.0
580000 88.0
590000 80.0
600000 80.0
610000 92.0
620000 84.0
630000 92.0
640000 64.0
650000 72.0
660000 76.0
670000 80.0
680000 84.0
690000 92.0
700000 88.0
710000 80.0
720000 84.0
730000 88.0
740000 88.0
750000 92.0
760000 88.0
770000 84.0
780000 84.0
790000 92.0
800000 84.0
810000 76.0
820000 84.0
830000 96.0
840000 84.0
850000 84.0
860000 88.0
870000 76.0
880000 88.0
890000 88.0
900000 80.0
910000 92.0
920000 96.0
930000 84.0
940000 80.0
950000 84.0
960000 72.0
970000 88.0
980000 92.0
990000 80.0
1000000 72.0
