-990000 0.0
-980000 4.0
-970000 24.0
-960000 40.0
-950000 60.0
-940000 84.0
-930000 56.0
-920000 76.0
-910000 72.0
-900000 68.0
-890000 52.0
-880000 80.0
-870000 48.0
-860000 68.0
-850000 52.0
-840000 68.0
-830000 60.0
-820000 52.0
-810000 68.0
-800000 64.0
-790000 84.0
-780000 76.0
-770000 72.0
-760000 64.0
-750000 80.0
-740000 68.0
-730000 60.0
-720000 76.0
-710000 64.0
-700000 68.0
-690000 84.0
-680000 84.0
-670000 68.0
-660000 68.0
-650000 80.0
-640000 80.0
-630000 76.0
-620000 56.0
-610000 72.0
-600000 72.0
-590000 72.0
-580000 68.0
-570000 60.0
-560000 52.0
-550000 76.0
-540000 80.0
-530000 68.0
-520000 68.0
-510000 68.0
-500000 56.0
-490000 64.0
-480000 68.0
-470000 64.0
-460000 80.0
-450000 80.0
-440000 76.0
-430000 68.0
-420000 72.0
-410000 80.0
-400000 68.0
-390000 84.0
-380000 52.0
-370000 72.0
-360000 64.0
-350000 76.0
-340000 72.0
-330000 76.0
-320000 72.0
-310000 72.0
-300000 60.0
-290000 64.0
-280000 60.0
-270000 60.0
-260000 72.0
-250000 64.0
-240000 80.0
-230000 76.0
-220000 76.0
-210000 80.0
-200000 76.0
-190000 64.0
-180000 72.0
-170000 68.0
-160000 80.0
-150000 76.0
-140000 60.0
-130000 76.0
-120000 56.0
-110000 68.0
-100000 60.0
-90000 84.0
-80000 84.0
-70000 76.0
-60000 52.0
-50000 72.0
-40000 72.0
-30000 60.0
-20000 84.0
-10000 68.0
0 68.0
10000 68.0
20000 60.0
30000 80.0
40000 76.0
50000 80.0
60000 64.0
70000 88.0
80000 64.0
90000 64.0
100000 36.0
110000 76.0
120000 88.0
130000 60.0
140000 64.0
150000 68.0
160000 88.0
170000 72.0
180000 48.0
190000 84.0
200000 64.0
210000 52.0
220000 80.0
230000 84.0
240000 88.0
250000 88.0
260000 84.0
270000 84.0
280000 76.0
290000 84.0
300000 52.0
310000 88.0
320000 80.0
330000 68.0
340000 60.0
350000 68.0
360000 80.0
370000 72.0
380000 76.0
390000 84.0
400000 88.0
410000 76.0
420000 76.0
430000 60.0
440000 88.0
450000 76.0
460000 88.0
470000 80.0
480000 80.0
490000 80.0
500000 72.0
510000 72.0
520000 60.0
530000 84.0
540000 80.0
550000 64.0
560000 76.0
570000 60.0
580000 76.0
590000 80.0
600000 56.0
610000 76.0
620000 88.0
630000 52.0
640000 76.0
650000 56.0
660000 72.0
670000 68.0
680000 56.0
690000 80.0
700000 72.0
710000 72.0
720000 88.0
730000 72.0
740000 56.0
750000 72.0
760000 52.0
770000 64.0
780000 68.0
790000 68.0
800000 52.0
810000 60.0
820000 52.0
830000 48.0
840000 68.0
850000 56.0
860000 64.0
870000 68.0
880000 52.0
890000 60.0
900000 52.0
910000 68.0
920000 68.0
930000 64.0
940000 68.0
950000 72.0
960000 76.0
970000 80.0
980000 76.0
990000 64.0
1000000 64.0
