-990000 0.0
-980000 28.0
-970000 48.0
-960000 56.0
-950000 52.0
-940000 56.0
-930000 60.0
-920000 56.0
-910000 60.0
-900000 64.0
-890000 56.0
-880000 60.0
-870000 60.0
-860000 56.0
-850000 56.0
-840000 48.0
-830000 48.0
-820000 60.0
-810000 52.0
-800000 52.0
-790000 60.0
-780000 44.0
-770000 60.0
-760000 48.0
-750000 68.0
-740000 52.0
-730000 72.0
-720000 44.0
-710000 28.0
-700000 28.0
-690000 48.0
-680000 56.0
-670000 40.0
-660000 72.0
-650000 48.0
-640000 44.0
-630000 32.0
-620000 60.0
-610000 48.0
-600000 48.0
-590000 56.0
-580000 56.0
-570000 64.0
-560000 44.0
-550000 52.0
-540000 68.0
-530000 64.0
-520000 52.0
-510000 68.0
-500000 68.0
-490000 68.0
-480000 48.0
-470000 56.0
-460000 72.0
-450000 76.0
-440000 64.0
-430000 72.0
-420000 44.0
-410000 64.0
-400000 60.0
-390000 68.0
-380000 28.0
-370000 60.0
-360000 56.0
-350000 64.0
-340000 60.0
-330000 64.0
-320000 56.0
-310000 60.0
-300000 72.0
-290000 68.0
-280000 44.0
-270000 36.0
-260000 56.0
-250000 56.0
-240000 56.0
-230000 44.0
-220000 72.0
-210000 44.0
-200000 52.0
-190000 44.0
-180000 36.0
-170000 48.0
-160000 40.0
-150000 44.0
-140000 64.0
-130000 56.0
-120000 68.0
-110000 56.0
-100000 48.0
-90000 72.0
-80000 52.0
-70000 48.0
-60000 24.0
-50000 40.0
-40000 48.0
-30000 52.0
-20000 44.0
-10000 36.0
0 64.0
10000 52.0
20000 48.0
30000 44.0
40000 64.0
50000 60.0
60000 68.0
70000 52.0
80000 52.0
90000 32.0
100000 72.0
110000 52.0
120000 52.0
130000 64.0
140000 64.0
150000 68.0
160000 64.0
170000 72.0
180000 56.0
190000 72.0
200000 28.0
210000 44.0
220000 52.0
230000 68.0
240000 60.0
250000 68.0
260000 52.0
270000 64.0
280000 76.0
290000 52.0
300000 64.0
310000 60.0
320000 64.0
330000 56.0
340000 52.0
350000 56.0
360000 44.0
370000 48.0
380000 20.0
390000 40.0
400000 52.0
410000 60.0
420000 40.0
430000 56.0
440000 44.0
450000 48.0
460000 40.0
470000 68.0
480000 36.0
490000 32.0
500000 24.0
510000 36.0
520000 36.0
530000 36.0
540000 40.0
550000 36.0
560000 32.0
570000 56.0
580000 28.0
590000 36.0
600000 36.0
610000 32.0
620000 28.0
630000 44.0
640000 44.0
650000 36.0
660000 16.0
670000 44.0
680000 40.0
690000 48.0
700000 16.0
710000 36.0
720000 36.0
730000 48.0
740000 12.0
750000 28.0
760000 20.0
770000 28.0
780000 20.0
790000 44.0
800000 28.0
810000 52.0
820000 48.0
830000 40.0
840000 68.0
850000 56.0
860000 60.0
870000 32.0
880000 56.0
890000 40.0
900000 32.0
910000 44.0
920000 48.0
930000 56.0
940000 36.0
950000 40.0
960000 64.0
970000 40.0
980000 56.0
990000 20.0
1000000 32.0
