-990000 0.0
-980000 0.0
-970000 0.0
-960000 4.0
-950000 44.0
-940000 64.0
-930000 72.0
-920000 60.0
-910000 76.0
-900000 52.0
-890000 92.0
-880000 76.0
-870000 84.0
-860000 92.0
-850000 96.0
-840000 88.0
-830000 88.0
-820000 88.0
-810000 80.0
-800000 72.0
-790000 88.0
-780000 92.0
-770000 80.0
-760000 80.0
-750000 76.0
-740000 96.0
-730000 80.0
-720000 92.0
-710000 88.0
-700000 92.0
-690000 80.0
-680000 80.0
-670000 76.0
-660000 92.0
-650000 76.0
-640000 84.0
-630000 72.0
-620000 68.0
-610000 84.0
-600000 92.0
-590000 96.0
-580000 92.0
-570000 80.0
-560000 84.0
-550000 80.0
-540000 72.0
-530000 84.0
-520000 96.0
-510000 88.0
-500000 84.0
-490000 84.0
-480000 76.0
-470000 84.0
-460000 84.0
-450000 92.0
-440000 84.0
-430000 80.0
-420000 84.0
-410000 84.0
-400000 76.0
-390000 76.0
-380000 76.0
-370000 84.0
-360000 76.0
-350000 68.0
-340000 88.0
-330000 80.0
-320000 92.0
-310000 80.0
-300000 84.0
-290000 84.0
-280000 68.0
-270000 80.0
-260000 88.0
-250000 96.0
-240000 92.0
-230000 68.0
-220000 80.0
-210000 84.0
-200000 64.0
-190000 80.0
-180000 84.0
-170000 80.0
-160000 76.0
-150000 76.0
-140000 72.0
-130000 80.0
-120000 72.0
-110000 80.0
-100000 68.0
-90000 80.0
-80000 80.0
-70000 72.0
-60000 96.0
-50000 92.0
-40000 84.0
-30000 76.0
-20000 76.0
-10000 56.0
0 80.0
10000 76.0
20000 84.0
30000 72.0
40000 64.0
50000 60.0
60000 56.0
70000 84.0
80000 64.0
90000 88.0
100000 48.0
110000 80.0
120000 68.0
130000 76.0
140000 56.0
150000 80.0
160000 60.0
170000 60.0
180000 84.0
190000 88.0
200000 64.0
210000 80.0
220000 84.0
230000 84.0
240000 72.0
250000 80.0
260000 92.0
270000 80.0
280000 96.0
290000 72.0
300000 80.0
310000 88.0
320000 84.0
330000 84.0
340000 92.0
350000 76.0
360000 92.0
370000 80.0
380000 84.0
390000 80.0
400000 84.0
410000 88.0
420000 84.0
430000 88.0
440000 80.0
450000 80.0
460000 80.0
470000 76.0
480000 72.0
490000 84.0
500000 88.0
510000 88.0
520000 80.0
530000 88.0
540000 84.0
550000 80.0
560000 88.0
570000 84.0
580000 80.0
590000 84.0
600000 88.0
610000 72.0
620000 96.0
630000 88.0
640000 92.0
650000 92.0
660000 84.0
670000 80.0
680000 84.0
690000 88.0
700000 80.0
710000 84.0
720000 84.0
730000 80.0
740000 80.0
750000 84.0
760000 84.0
770000 80.0
780000 96.0
790000 72.0
800000 88.0
810000 80.0
820000 76.0
830000 80.0
840000 92.0
850000 80.0
860000 88.0
870000 88.0
880000 84.0
890000 80.0
900000 60.0
910000 80.0
920000 92.0
930000 80.0
940000 92.0
950000 88.0
960000 92.0
970000 88.0
980000 92.0
990000 92.0
1000000 84.0
