-990000 0.0
-980000 36.0
-970000 40.0
-960000 72.0
-950000 36.0
-940000 48.0
-930000 68.0
-920000 44.0
-910000 44.0
-900000 64.0
-890000 76.0
-880000 72.0
-870000 56.0
-860000 56.0
-850000 60.0
-840000 52.0
-830000 72.0
-820000 80.0
-810000 68.0
-800000 64.0
-790000 56.0
-780000 60.0
-770000 64.0
-760000 68.0
-750000 68.0
-740000 68.0
-730000 56.0
-720000 64.0
-710000 68.0
-700000 60.0
-690000 56.0
-680000 44.0
-670000 72.0
-660000 56.0
-650000 52.0
-640000 64.0
-630000 52.0
-620000 64.0
-610000 48.0
-600000 76.0
-590000 72.0
-580000 64.0
-570000 64.0
-560000 60.0
-550000 36.0
-540000 72.0
-530000 60.0
-520000 76.0
-510000 76.0
-500000 44.0
-490000 76.0
-480000 56.0
-470000 68.0
-460000 56.0
-450000 68.0
-440000 64.0
-430000 68.0
-420000 64.0
-410000 60.0
-400000 60.0
-390000 44.0
-380000 52.0
-370000 56.0
-360000 48.0
-350000 48.0
-340000 60.0
-330000 64.0
-320000 44.0
-310000 72.0
-300000 56.0
-290000 60.0
-280000 68.0
-270000 64.0
-260000 52.0
-250000 60.0
-240000 48.0
-230000 48.0
-220000 60.0
-210000 48.0
-200000 40.0
-190000 64.0
-180000 44.0
-170000 40.0
-160000 60.0
-150000 64.0
-140000 72.0
-130000 68.0
-120000 52.0
-110000 40.0
-100000 60.0
-90000 60.0
-80000 56.0
-70000 64.0
-60000 48.0
-50000 44.0
-40000 60.0
-30000 52.0
-20000 56.0
-10000 60.0
0 52.0
10000 56.0
20000 64.0
30000 68.0
40000 52.0
50000 64.0
60000 56.0
70000 48.0
80000 68.0
90000 68.0
100000 64.0
110000 52.0
120000 32.0
130000 52.0
140000 72.0
150000 44.0
160000 64.0
170000 52.0
180000 52.0
190000 16.0
200000 36.0
210000 20.0
220000 28.0
230000 20.0
240000 24.0
250000 16.0
260000 24.0
270000 12.0
280000 28.0
290000 20.0
300000 24.0
310000 8.0
320000 28.0
330000 40.0
340000 24.0
350000 8.0
360000 8.0
370000 16.0
380000 20.0
390000 12.0
400000 16.0
410000 32.0
420000 20.0
430000 28.0
440000 48.0
450000 40.0
460000 56.0
470000 24.0
480000 24.0
490000 32.0
500000 52.0
510000 52.0
520000 60.0
530000 40.0
540000 52.0
550000 40.0
560000 44.0
570000 40.0
580000 40.0
590000 20.0
600000 52.0
610000 64.0
620000 12.0
630000 56.0
640000 40.0
650000 44.0
660000 36.0
670000 16.0
680000 52.0
690000 40.0
700000 60.0
710000 48.0
720000 36.0
730000 32.0
740000 32.0
750000 40.0
760000 32.0
770000 56.0
780000 32.0
790000 64.0
800000 36.0
810000 40.0
820000 24.0
830000 52.0
840000 32.0
850000 56.0
860000 40.0
870000 56.0
880000 32.0
890000 32.0
900000 36.0
910000 40.0
920000 52.0
930000 36.0
940000 20.0
950000 44.0
960000 48.0
970000 48.0
980000 32.0
990000 40.0
1000000 52.0
