-990000 0.0
-980000 0.0
-970000 0.0
-960000 12.0
-950000 60.0
-940000 36.0
-930000 32.0
-920000 80.0
-910000 64.0
-900000 48.0
-890000 84.0
-880000 52.0
-870000 76.0
-860000 80.0
-850000 76.0
-840000 60.0
-830000 60.0
-820000 76.0
-810000 72.0
-800000 72.0
-790000 68.0
-780000 76.0
-770000 92.0
-760000 84.0
-750000 64.0
-740000 92.0
-730000 72.0
-720000 76.0
-710000 64.0
-700000 52.0
-690000 80.0
-680000 96.0
-670000 80.0
-660000 88.0
-650000 92.0
-640000 88.0
-630000 88.0
-620000 88.0
-610000 80.0
-600000 68.0
-590000 68.0
-580000 72.0
-570000 84.0
-560000 88.0
-550000 96.0
-540000 92.0
-530000 84.0
-520000 96.0
-510000 100.0
-500000 88.0
-490000 100.0
-480000 96.0
-470000 76.0
-460000 88.0
-450000 88.0
-440000 92.0
-430000 92.0
-420000 96.0
-410000 88.0
-400000 92.0
-390000 96.0
-380000 84.0
-370000 84.0
-360000 92.0
-350000 92.0
-340000 80.0
-330000 96.0
-320000 96.0
-310000 96.0
-300000 92.0
-290000 84.0
-280000 88.0
-270000 96.0
-260000 92.0
-250000 100.0
-240000 88.0
-230000 100.0
-220000 92.0
-210000 92.0
-200000 76.0
-190000 80.0
-180000 92.0
-170000 84.0
-160000 92.0
-150000 100.0
-140000 88.0
-130000 100.0
-120000 92.0
-110000 80.0
-100000 88.0
-90000 100.0
-80000 92.0
-70000 92.0
-60000 84.0
-50000 76.0
-40000 84.0
-30000 88.0
-20000 92.0
-10000 96.0
0 88.0
10000 96.0
20000 92.0
30000 52.0
40000 40.0
50000 44.0
60000 56.0
70000 56.0
80000 40.0
90000 76.0
100000 64.0
110000 68.0
120000 72.0
130000 68.0
140000 68.0
150000 80.0
160000 84.0
170000 76.0
180000 92.0
190000 60.0
200000 88.0
210000 92.0
220000 84.0
230000 76.0
240000 88.0
250000 92.0
260000 88.0
270000 88.0
280000 88.0
290000 92.0
300000 100.0
310000 80.0
320000 80.0
330000 92.0
340000 88.0
350000 88.0
360000 96.0
370000 100.0
380000 96.0
390000 96.0
400000 100.0
410000 88.0
420000 100.0
430000 100.0
440000 96.0
450000 100.0
460000 96.0
470000 96.0
480000 96.0
490000 88.0
500000 100.0
510000 92.0
520000 96.0
530000 100.0
540000 76.0
550000 92.0
560000 96.0
570000 88.0
580000 100.0
590000 100.0
600000 92.0
610000 100.0
620000 96.0
630000 92.0
640000 100.0
650000 100.0
660000 96.0
670000 80.0
680000 88.0
690000 100.0
700000 80.0
710000 96.0
720000 92.0
730000 100.0
740000 100.0
750000 88.0
760000 96.0
770000 96.0
780000 92.0
790000 100.0
800000 100.0
810000 88.0
820000 96.0
830000 100.0
840000 92.0
850000 96.0
860000 96.0
870000 100.0
880000 96.0
890000 96.0
900000 100.0
910000 96.0
920000 84.0
930000 100.0
940000 100.0
950000 96.0
960000 92.0
970000 100.0
980000 92.0
990000 96.0
1000000 100.0
