-990000 0.0
-980000 12.0
-970000 36.0
-960000 28.0
-950000 60.0
-940000 32.0
-930000 28.0
-920000 36.0
-910000 20.0
-900000 64.0
-890000 40.0
-880000 40.0
-870000 52.0
-860000 52.0
-850000 48.0
-840000 32.0
-830000 40.0
-820000 48.0
-810000 32.0
-800000 36.0
-790000 76.0
-780000 48.0
-770000 52.0
-760000 48.0
-750000 44.0
-740000 36.0
-730000 52.0
-720000 60.0
-710000 64.0
-700000 56.0
-690000 68.0
-680000 44.0
-670000 36.0
-660000 68.0
-650000 52.0
-640000 52.0
-630000 60.0
-620000 24.0
-610000 44.0
-600000 44.0
-590000 60.0
-580000 36.0
-570000 56.0
-560000 32.0
-550000 52.0
-540000 52.0
-530000 44.0
-520000 44.0
-510000 60.0
-500000 60.0
-490000 56.0
-480000 52.0
-470000 36.0
-460000 48.0
-450000 44.0
-440000 56.0
-430000 44.0
-420000 48.0
-410000 48.0
-400000 60.0
-390000 68.0
-380000 40.0
-370000 60.0
-360000 48.0
-350000 64.0
-340000 40.0
-330000 60.0
-320000 40.0
-310000 52.0
-300000 40.0
-290000 44.0
-280000 48.0
-270000 72.0
-260000 56.0
-250000 44.0
-240000 52.0
-230000 68.0
-220000 40.0
-210000 48.0
-200000 60.0
-190000 44.0
-180000 32.0
-170000 68.0
-160000 44.0
-150000 32.0
-140000 32.0
-130000 44.0
-120000 72.0
-110000 32.0
-100000 28.0
-90000 36.0
-80000 40.0
-70000 36.0
-60000 40.0
-50000 36.0
-40000 52.0
-30000 56.0
-20000 48.0
-10000 48.0
0 60.0
10000 44.0
20000 40.0
30000 56.0
40000 40.0
50000 64.0
60000 52.0
70000 32.0
80000 72.0
90000 76.0
100000 64.0
110000 48.0
120000 56.0
130000 60.0
140000 40.0
150000 56.0
160000 68.0
170000 64.0
180000 64.0
190000 52.0
200000 56.0
210000 60.0
220000 44.0
230000 48.0
240000 44.0
250000 44.0
260000 48.0
270000 60.0
280000 52.0
290000 56.0
300000 28.0
310000 36.0
320000 40.0
330000 56.0
340000 36.0
350000 52.0
360000 44.0
370000 40.0
380000 44.0
390000 36.0
400000 52.0
410000 48.0
420000 40.0
430000 32.0
440000 24.0
450000 36.0
460000 52.0
470000 48.0
480000 44.0
490000 52.0
500000 52.0
510000 24.0
520000 32.0
530000 40.0
540000 36.0
550000 24.0
560000 48.0
570000 36.0
580000 32.0
590000 28.0
600000 16.0
610000 28.0
620000 40.0
630000 32.0
640000 28.0
650000 40.0
660000 28.0
670000 12.0
680000 16.0
690000 28.0
700000 8.0
710000 24.0
720000 24.0
730000 28.0
740000 20.0
750000 16.0
760000 48.0
770000 8.0
780000 12.0
790000 32.0
800000 32.0
810000 16.0
820000 28.0
830000 20.0
840000 24.0
850000 32.0
860000 32.0
870000 32.0
880000 28.0
890000 52.0
900000 32.0
910000 32.0
920000 24.0
930000 12.0
940000 20.0
950000 36.0
960000 24.0
970000 28.0
980000 32.0
990000 32.0
1000000 40.0
