-990000 0.0
-980000 0.0
-970000 0.0
-960000 8.0
-950000 20.0
-940000 48.0
-930000 68.0
-920000 64.0
-910000 68.0
-900000 76.0
-890000 68.0
-880000 64.0
-870000 88.0
-860000 84.0
-850000 96.0
-840000 80.0
-830000 80.0
-820000 68.0
-810000 84.0
-800000 84.0
-790000 80.0
-780000 76.0
-770000 68.0
-760000 92.0
-750000 84.0
-740000 80.0
-730000 76.0
-720000 88.0
-710000 92.0
-700000 88.0
-690000 92.0
-680000 76.0
-670000 80.0
-660000 76.0
-650000 76.0
-640000 92.0
-630000 84.0
-620000 88.0
-610000 84.0
-600000 76.0
-590000 80.0
-580000 80.0
-570000 84.0
-560000 80.0
-550000 88.0
-540000 96.0
-530000 100.0
-520000 88.0
-510000 96.0
-500000 92.0
-490000 96.0
-480000 92.0
-470000 88.0
-460000 96.0
-450000 84.0
-440000 84.0
-430000 100.0
-420000 88.0
-410000 92.0
-400000 92.0
-390000 88.0
-380000 84.0
-370000 80.0
-360000 92.0
-350000 76.0
-340000 80.0
-330000 96.0
-320000 80.0
-310000 84.0
-300000 92.0
-290000 92.0
-280000 84.0
-270000 96.0
-260000 92.0
-250000 88.0
-240000 100.0
-230000 80.0
-220000 96.0
-210000 84.0
-200000 96.0
-190000 88.0
-180000 84.0
-170000 96.0
-160000 92.0
-150000 92.0
-140000 88.0
-130000 88.0
-120000 88.0
-110000 80.0
-100000 88.0
-90000 96.0
-80000 100.0
-70000 92.0
-60000 84.0
-50000 80.0
-40000 80.0
-30000 80.0
-20000 96.0
-10000 96.0
0 96.0
10000 88.0
20000 80.0
30000 32.0
40000 68.0
50000 24.0
60000 72.0
70000 84.0
80000 80.0
90000 88.0
100000 92.0
110000 52.0
120000 72.0
130000 64.0
140000 72.0
150000 56.0
160000 40.0
170000 68.0
180000 68.0
190000 80.0
200000 92.0
210000 72.0
220000 88.0
230000 92.0
240000 76.0
250000 96.0
260000 96.0
270000 96.0
280000 92.0
290000 84.0
300000 92.0
310000 96.0
320000 92.0
330000 72.0
340000 100.0
350000 92.0
360000 88.0
370000 92.0
380000 92.0
390000 88.0
400000 92.0
410000 92.0
420000 88.0
430000 96.0
440000 88.0
450000 84.0
460000 84.0
470000 100.0
480000 92.0
490000 92.0
500000 84.0
510000 100.0
520000 92.0
530000 96.0
540000 88.0
550000 100.0
560000 100.0
570000 88.0
580000 88.0
590000 88.0
600000 88.0
610000 92.0
620000 92.0
630000 88.0
640000 84.0
650000 96.0
660000 100.0
670000 84.0
680000 92.0
690000 96.0
700000 96.0
710000 92.0
720000 92.0
730000 92.0
740000 100.0
750000 96.0
760000 88.0
770000 100.0
780000 92.0
790000 92.0
800000 88.0
810000 92.0
820000 88.0
830000 96.0
840000 88.0
850000 96.0
860000 100.0
870000 100.0
880000 100.0
890000 88.0
900000 88.0
910000 96.0
920000 100.0
930000 92.0
940000 92.0
950000 96.0
960000 92.0
970000 92.0
980000 84.0
990000 96.0
1000000 96.0
