-990000 0.0
-980000 0.0
-970000 0.0
-960000 16.0
-950000 32.0
-940000 36.0
-930000 72.0
-920000 48.0
-910000 48.0
-900000 56.0
-890000 60.0
-880000 52.0
-870000 88.0
-860000 76.0
-850000 76.0
-840000 48.0
-830000 84.0
-820000 72.0
-810000 92.0
-800000 68.0
-790000 84.0
-780000 80.0
-770000 96.0
-760000 80.0
-750000 76.0
-740000 80.0
-730000 80.0
-720000 88.0
-710000 76.0
-700000 80.0
-690000 72.0
-680000 64.0
-670000 64.0
-660000 60.0
-650000 92.0
-640000 72.0
-630000 96.0
-620000 76.0
-610000 80.0
-600000 80.0
-590000 88.0
-580000 88.0
-570000 88.0
-560000 76.0
-550000 76.0
-540000 84.0
-530000 72.0
-520000 80.0
-510000 88.0
-500000 92.0
-490000 80.0
-480000 88.0
-470000 80.0
-460000 80.0
-450000 88.0
-440000 80.0
-430000 80.0
-420000 72.0
-410000 84.0
-400000 88.0
-390000 80.0
-380000 72.0
-370000 80.0
-360000 88.0
-350000 92.0
-340000 76.0
-330000 72.0
-320000 76.0
-310000 88.0
-300000 68.0
-290000 84.0
-280000 88.0
-270000 76.0
-260000 92.0
-250000 80.0
-240000 84.0
-230000 88.0
-220000 84.0
-210000 92.0
-200000 80.0
-190000 80.0
-180000 84.0
-170000 76.0
-160000 68.0
-150000 76.0
-140000 80.0
-130000 76.0
-120000 80.0
-110000 92.0
-100000 80.0
-90000 72.0
-80000 72.0
-70000 76.0
-60000 96.0
-50000 72.0
-40000 88.0
-30000 72.0
-20000 76.0
-10000 76.0
0 84.0
10000 68.0
20000 80.0
30000 72.0
40000 52.0
50000 52.0
60000 68.0
70000 60.0
80000 52.0
90000 52.0
100000 48.0
110000 80.0
120000 68.0
130000 72.0
140000 80.0
150000 64.0
160000 76.0
170000 60.0
180000 76.0
190000 88.0
200000 72.0
210000 56.0
220000 84.0
230000 88.0
240000 64.0
250000 80.0
260000 76.0
270000 76.0
280000 84.0
290000 84.0
300000 88.0
310000 80.0
320000 60.0
330000 68.0
340000 80.0
350000 84.0
360000 88.0
370000 52.0
380000 80.0
390000 72.0
400000 92.0
410000 88.0
420000 76.0
430000 80.0
440000 80.0
450000 60.0
460000 68.0
470000 88.0
480000 80.0
490000 92.0
500000 76.0
510000 72.0
520000 80.0
530000 76.0
540000 92.0
550000 84.0
560000 76.0
570000 92.0
580000 88.0
590000 88.0
600000 100.0
610000 68.0
620000 72.0
630000 64.0
640000 84.0
650000 76.0
660000 72.0
670000 92.0
680000 84.0
690000 80.0
700000 72.0
710000 80.0
720000 80.0
730000 80.0
740000 80.0
750000 96.0
760000 88.0
770000 84.0
780000 96.0
790000 84.0
800000 80.0
810000 88.0
820000 68.0
830000 84.0
840000 84.0
850000 84.0
860000 68.0
870000 84.0
880000 92.0
890000 84.0
900000 84.0
910000 80.0
920000 84.0
930000 76.0
940000 80.0
950000 80.0
960000 80.0
970000 76.0
980000 80.0
990000 88.0
1000000 80.0
