-990000 0.0
-980000 0.0
-970000 0.0
-960000 0.0
-950000 0.0
-940000 16.0
-930000 32.0
-920000 40.0
-910000 64.0
-900000 44.0
-890000 52.0
-880000 68.0
-870000 76.0
-860000 60.0
-850000 76.0
-840000 76.0
-830000 72.0
-820000 48.0
-810000 80.0
-800000 72.0
-790000 88.0
-780000 76.0
-770000 76.0
-760000 68.0
-750000 84.0
-740000 80.0
-730000 88.0
-720000 84.0
-710000 88.0
-700000 76.0
-690000 88.0
-680000 80.0
-670000 84.0
-660000 88.0
-650000 76.0
-640000 80.0
-630000 80.0
-620000 80.0
-610000 84.0
-600000 88.0
-590000 88.0
-580000 76.0
-570000 88.0
-560000 84.0
-550000 84.0
-540000 84.0
-530000 80.0
-520000 84.0
-510000 84.0
-500000 80.0
-490000 88.0
-480000 84.0
-470000 84.0
-460000 84.0
-450000 68.0
-440000 72.0
-430000 96.0
-420000 88.0
-410000 80.0
-400000 80.0
-390000 88.0
-380000 88.0
-370000 80.0
-360000 92.0
-350000 92.0
-340000 84.0
-330000 92.0
-320000 92.0
-310000 88.0
-300000 96.0
-290000 92.0
-280000 96.0
-270000 92.0
-260000 76.0
-250000 92.0
-240000 76.0
-230000 92.0
-220000 92.0
-210000 88.0
-200000 88.0
-190000 88.0
-180000 68.0
-170000 84.0
-160000 96.0
-150000 88.0
-140000 76.0
-130000 96.0
-120000 76.0
-110000 88.0
-100000 96.0
-90000 88.0
-80000 76.0
-70000 76.0
-60000 72.0
-50000 92.0
-40000 84.0
-30000 96.0
-20000 80.0
-10000 88.0
0 100.0
10000 88.0
20000 84.0
30000 40.0
40000 76.0
50000 60.0
60000 96.0
70000 64.0
80000 80.0
90000 36.0
100000 92.0
110000 96.0
120000 64.0
130000 76.0
140000 72.0
150000 80.0
160000 56.0
170000 56.0
180000 88.0
190000 56.0
200000 84.0
210000 56.0
220000 80.0
230000 80.0
240000 76.0
250000 60.0
260000 80.0
270000 64.0
280000 92.0
290000 84.0
300000 92.0
310000 64.0
320000 88.0
330000 84.0
340000 92.0
350000 92.0
360000 96.0
370000 80.0
380000 84.0
390000 88.0
400000 96.0
410000 92.0
420000 92.0
430000 96.0
440000 84.0
450000 68.0
460000 64.0
470000 52.0
480000 92.0
490000 68.0
500000 92.0
510000 92.0
520000 76.0
530000 76.0
540000 92.0
550000 76.0
560000 96.0
570000 92.0
580000 92.0
590000 96.0
600000 80.0
610000 88.0
620000 92.0
630000 88.0
640000 80.0
650000 92.0
660000 92.0
670000 96.0
680000 100.0
690000 92.0
700000 96.0
710000 92.0
720000 92.0
730000 92.0
740000 76.0
750000 96.0
760000 80.0
770000 92.0
780000 96.0
790000 96.0
800000 92.0
810000 84.0
820000 92.0
830000 88.0
840000 80.0
850000 88.0
860000 88.0
870000 96.0
880000 96.0
890000 96.0
900000 96.0
910000 84.0
920000 84.0
930000 92.0
940000 84.0
950000 84.0
960000 92.0
970000 88.0
980000 92.0
990000 96.0
1000000 96.0
