-990000 0.0
-980000 28.0
-970000 44.0
-960000 48.0
-950000 44.0
-940000 44.0
-930000 40.0
-920000 36.0
-910000 40.0
-900000 68.0
-890000 36.0
-880000 56.0
-870000 68.0
-860000 40.0
-850000 88.0
-840000 44.0
-830000 40.0
-820000 64.0
-810000 64.0
-800000 64.0
-790000 52.0
-780000 56.0
-770000 52.0
-760000 68.0
-750000 52.0
-740000 64.0
-730000 60.0
-720000 48.0
-710000 64.0
-700000 48.0
-690000 48.0
-680000 44.0
-670000 68.0
-660000 64.0
-650000 60.0
-640000 44.0
-630000 76.0
-620000 52.0
-610000 48.0
-600000 48.0
-590000 48.0
-580000 36.0
-570000 48.0
-560000 60.0
-550000 48.0
-540000 48.0
-530000 52.0
-520000 36.0
-510000 52.0
-500000 44.0
-490000 40.0
-480000 32.0
-470000 48.0
-460000 24.0
-450000 36.0
-440000 24.0
-430000 16.0
-420000 20.0
-410000 28.0
-400000 20.0
-390000 28.0
-380000 36.0
-370000 24.0
-360000 48.0
-350000 32.0
-340000 48.0
-330000 44.0
-320000 20.0
-310000 48.0
-300000 24.0
-290000 36.0
-280000 28.0
-270000 28.0
-260000 24.0
-250000 40.0
-240000 36.0
-230000 36.0
-220000 20.0
-210000 36.0
-200000 20.0
-190000 20.0
-180000 28.0
-170000 32.0
-160000 32.0
-150000 32.0
-140000 44.0
-130000 28.0
-120000 52.0
-110000 24.0
-100000 52.0
-90000 24.0
-80000 36.0
-70000 56.0
-60000 44.0
-50000 20.0
-40000 32.0
-30000 32.0
-20000 28.0
-10000 44.0
0 44.0
10000 44.0
20000 40.0
30000 32.0
40000 28.0
50000 44.0
60000 40.0
70000 36.0
80000 48.0
90000 60.0
100000 56.0
110000 64.0
120000 40.0
130000 44.0
140000 72.0
150000 32.0
160000 32.0
170000 48.0
180000 56.0
190000 32.0
200000 16.0
210000 72.0
220000 48.0
230000 36.0
240000 28.0
250000 60.0
260000 48.0
270000 32.0
280000 32.0
290000 40.0
300000 44.0
310000 48.0
320000 44.0
330000 48.0
340000 40.0
350000 20.0
360000 24.0
370000 32.0
380000 32.0
390000 20.0
400000 32.0
410000 28.0
420000 16.0
430000 28.0
440000 44.0
450000 48.0
460000 20.0
470000 44.0
480000 32.0
490000 16.0
500000 36.0
510000 24.0
520000 28.0
530000 20.0
540000 16.0
550000 28.0
560000 20.0
570000 20.0
580000 16.0
590000 20.0
600000 24.0
610000 28.0
620000 44.0
630000 20.0
640000 32.0
650000 36.0
660000 40.0
670000 16.0
680000 24.0
690000 20.0
700000 32.0
710000 32.0
720000 16.0
730000 20.0
740000 16.0
750000 24.0
760000 16.0
770000 20.0
780000 16.0
790000 8.0
800000 24.0
810000 16.0
820000 32.0
830000 40.0
840000 44.0
850000 20.0
860000 44.0
870000 40.0
880000 32.0
890000 24.0
900000 16.0
910000 28.0
920000 28.0
930000 28.0
940000 36.0
950000 20.0
960000 32.0
970000 36.0
980000 20.0
990000 32.0
1000000 32.0
