-990000 0.0
-980000 0.0
-970000 4.0
-960000 8.0
-950000 4.0
-940000 36.0
-930000 76.0
-920000 44.0
-910000 40.0
-900000 72.0
-890000 40.0
-880000 40.0
-870000 40.0
-860000 72.0
-850000 68.0
-840000 60.0
-830000 44.0
-820000 56.0
-810000 76.0
-800000 48.0
-790000 68.0
-780000 60.0
-770000 76.0
-760000 76.0
-750000 64.0
-740000 72.0
-730000 84.0
-720000 60.0
-710000 80.0
-700000 76.0
-690000 68.0
-680000 88.0
-670000 64.0
-660000 72.0
-650000 60.0
-640000 72.0
-630000 64.0
-620000 72.0
-610000 80.0
-600000 76.0
-590000 92.0
-580000 88.0
-570000 88.0
-560000 72.0
-550000 64.0
-540000 68.0
-530000 88.0
-520000 72.0
-510000 96.0
-500000 88.0
-490000 80.0
-480000 76.0
-470000 96.0
-460000 96.0
-450000 88.0
-440000 72.0
-430000 92.0
-420000 80.0
-410000 80.0
-400000 80.0
-390000 88.0
-380000 88.0
-370000 60.0
-360000 88.0
-350000 92.0
-340000 84.0
-330000 96.0
-320000 92.0
-310000 84.0
-300000 72.0
-290000 80.0
-280000 80.0
-270000 96.0
-260000 92.0
-250000 72.0
-240000 80.0
-230000 92.0
-220000 80.0
-210000 84.0
-200000 68.0
-190000 84.0
-180000 92.0
-170000 84.0
-160000 84.0
-150000 84.0
-140000 64.0
-130000 88.0
-120000 84.0
-110000 84.0
-100000 80.0
-90000 96.0
-80000 76.0
-70000 88.0
-60000 100.0
-50000 80.0
-40000 96.0
-30000 88.0
-20000 84.0
-10000 96.0
0 84.0
10000 80.0
20000 88.0
30000 60.0
40000 72.0
50000 60.0
60000 56.0
70000 80.0
80000 48.0
90000 60.0
100000 72.0
110000 76.0
120000 96.0
130000 96.0
140000 92.0
150000 56.0
160000 56.0
170000 88.0
180000 52.0
190000 68.0
200000 84.0
210000 76.0
220000 76.0
230000 52.0
240000 92.0
250000 80.0
260000 96.0
270000 72.0
280000 88.0
290000 36.0
300000 80.0
310000 92.0
320000 76.0
330000 84.0
340000 88.0
350000 88.0
360000 52.0
370000 76.0
380000 96.0
390000 88.0
400000 56.0
410000 88.0
420000 92.0
430000 80.0
440000 92.0
450000 84.0
460000 80.0
470000 84.0
480000 88.0
490000 88.0
500000 100.0
510000 88.0
520000 84.0
530000 80.0
540000 76.0
550000 84.0
560000 96.0
570000 80.0
580000 84.0
590000 88.0
600000 92.0
610000 92.0
620000 88.0
630000 88.0
640000 96.0
650000 88.0
660000 92.0
670000 84.0
680000 96.0
690000 92.0
700000 100.0
710000 84.0
720000 96.0
730000 92.0
740000 88.0
750000 88.0
760000 76.0
770000 80.0
780000 96.0
790000 92.0
800000 100.0
810000 96.0
820000 80.0
830000 84.0
840000 92.0
850000 80.0
860000 100.0
870000 84.0
880000 96.0
890000 92.0
900000 92.0
910000 92.0
920000 96.0
930000 80.0
940000 96.0
950000 88.0
960000 92.0
970000 88.0
980000 96.0
990000 96.0
1000000 96.0
