-990000 0.0
-980000 0.0
-970000 0.0
-960000 0.0
-950000 8.0
-940000 12.0
-930000 44.0
-920000 28.0
-910000 32.0
-900000 60.0
-890000 48.0
-880000 60.0
-870000 48.0
-860000 68.0
-850000 76.0
-840000 76.0
-830000 80.0
-820000 80.0
-810000 56.0
-800000 76.0
-790000 64.0
-780000 80.0
-770000 68.0
-760000 96.0
-750000 68.0
-740000 84.0
-730000 72.0
-720000 84.0
-710000 68.0
-700000 84.0
-690000 76.0
-680000 88.0
-670000 92.0
-660000 84.0
-650000 68.0
-640000 76.0
-630000 80.0
-620000 92.0
-610000 80.0
-600000 84.0
-590000 88.0
-580000 84.0
-570000 68.0
-560000 64.0
-550000 72.0
-540000 84.0
-530000 96.0
-520000 92.0
-510000 76.0
-500000 80.0
-490000 84.0
-480000 80.0
-470000 52.0
-460000 72.0
-450000 92.0
-440000 92.0
-430000 84.0
-420000 80.0
-410000 96.0
-400000 84.0
-390000 72.0
-380000 88.0
-370000 56.0
-360000 80.0
-350000 80.0
-340000 84.0
-330000 80.0
-320000 80.0
-310000 72.0
-300000 72.0
-290000 80.0
-280000 92.0
-270000 68.0
-260000 76.0
-250000 96.0
-240000 80.0
-230000 96.0
-220000 68.0
-210000 72.0
-200000 80.0
-190000 68.0
-180000 68.0
-170000 88.0
-160000 84.0
-150000 68.0
-140000 80.0
-130000 80.0
-120000 80.0
-110000 88.0
-100000 96.0
-90000 92.0
-80000 80.0
-70000 76.0
-60000 84.0
-50000 60.0
-40000 72.0
-30000 88.0
-20000 84.0
-10000 96.0
0 72.0
10000 72.0
20000 56.0
30000 84.0
40000 72.0
50000 88.0
60000 88.0
70000 72.0
80000 72.0
90000 48.0
100000 56.0
110000 56.0
120000 52.0
130000 68.0
140000 72.0
150000 84.0
160000 64.0
170000 72.0
180000 72.0
190000 68.0
200000 76.0
210000 72.0
220000 76.0
230000 80.0
240000 60.0
250000 80.0
260000 80.0
270000 68.0
280000 72.0
290000 80.0
300000 84.0
310000 68.0
320000 84.0
330000 80.0
340000 80.0
350000 88.0
360000 92.0
370000 76.0
380000 72.0
390000 76.0
400000 92.0
410000 80.0
420000 84.0
430000 64.0
440000 84.0
450000 72.0
460000 72.0
470000 72.0
480000 84.0
490000 64.0
500000 92.0
510000 84.0
520000 68.0
530000 96.0
540000 88.0
550000 72.0
560000 76.0
570000 88.0
580000 76.0
590000 84.0
600000 72.0
610000 84.0
620000 72.0
630000 88.0
640000 76.0
650000 80.0
660000 92.0
670000 68.0
680000 84.0
690000 80.0
700000 88.0
710000 76.0
720000 84.0
730000 76.0
740000 80.0
750000 84.0
760000 60.0
770000 80.0
780000 76.0
790000 80.0
800000 80.0
810000 80.0
820000 84.0
830000 76.0
840000 76.0
850000 84.0
860000 64.0
870000 80.0
880000 84.0
890000 80.0
900000 84.0
910000 92.0
920000 80.0
930000 76.0
940000 88.0
950000 84.0
960000 88.0
970000 96.0
980000 84.0
990000 72.0
1000000 80.0
