-990000 0.0
-980000 0.0
-970000 0.0
-960000 0.0
-950000 12.0
-940000 20.0
-930000 40.0
-920000 60.0
-910000 44.0
-900000 60.0
-890000 44.0
-880000 60.0
-870000 84.0
-860000 84.0
-850000 72.0
-840000 64.0
-830000 92.0
-820000 76.0
-810000 64.0
-800000 52.0
-790000 80.0
-780000 60.0
-770000 88.0
-760000 84.0
-750000 84.0
-740000 76.0
-730000 92.0
-720000 84.0
-710000 72.0
-700000 88.0
-690000 76.0
-680000 80.0
-670000 80.0
-660000 80.0
-650000 92.0
-640000 80.0
-630000 88.0
-620000 76.0
-610000 76.0
-600000 64.0
-590000 76.0
-580000 76.0
-570000 92.0
-560000 84.0
-550000 84.0
-540000 76.0
-530000 88.0
-520000 88.0
-510000 92.0
-500000 96.0
-490000 80.0
-480000 68.0
-470000 84.0
-460000 84.0
-450000 76.0
-440000 72.0
-430000 64.0
-420000 84.0
-410000 84.0
-400000 80.0
-390000 92.0
-380000 84.0
-370000 84.0
-360000 68.0
-350000 72.0
-340000 80.0
-330000 88.0
-320000 88.0
-310000 88.0
-300000 84.0
-290000 72.0
-280000 84.0
-270000 72.0
-260000 72.0
-250000 80.0
-240000 72.0
-230000 76.0
-220000 80.0
-210000 88.0
-200000 72.0
-190000 72.0
-180000 72.0
-170000 84.0
-160000 76.0
-150000 76.0
-140000 68.0
-130000 96.0
-120000 84.0
-110000 64.0
-100000 60.0
-90000 80.0
-80000 84.0
-70000 84.0
-60000 84.0
-50000 80.0
-40000 88.0
-30000 84.0
-20000 64.0
-10000 76.0
0 92.0
10000 60.0
20000 76.0
30000 72.0
40000 48.0
50000 76.0
60000 56.0
70000 68.0
80000 68.0
90000 64.0
100000 80.0
110000 68.0
120000 72.0
130000 68.0
140000 80.0
150000 92.0
160000 80.0
170000 76.0
180000 88.0
190000 84.0
200000 84.0
210000 80.0
220000 76.0
230000 92.0
240000 88.0
250000 92.0
260000 88.0
270000 92.0
280000 76.0
290000 88.0
300000 84.0
310000 96.0
320000 88.0
330000 96.0
340000 76.0
350000 92.0
360000 84.0
370000 84.0
380000 84.0
390000 84.0
400000 80.0
410000 76.0
420000 96.0
430000 88.0
440000 96.0
450000 80.0
460000 80.0
470000 72.0
480000 84.0
490000 76.0
500000 88.0
510000 80.0
520000 88.0
530000 92.0
540000 88.0
550000 96.0
560000 88.0
570000 80.0
580000 84.0
590000 80.0
600000 92.0
610000 76.0
620000 92.0
630000 80.0
640000 84.0
650000 80.0
660000 88.0
670000 84.0
680000 72.0
690000 88.0
700000 88.0
710000 84.0
720000 84.0
730000 92.0
740000 80.0
750000 88.0
760000 84.0
770000 88.0
780000 80.0
790000 96.0
800000 76.0
810000 84.0
820000 80.0
830000 88.0
840000 88.0
850000 80.0
860000 88.0
870000 76.0
880000 92.0
890000 92.0
900000 96.0
910000 88.0
920000 84.0
930000 96.0
940000 80.0
950000 88.0
960000 84.0
970000 80.0
980000 92.0
990000 80.0
1000000 80.0
