-990000 0.0
-980000 0.0
-970000 4.0
-960000 8.0
-950000 48.0
-940000 52.0
-930000 72.0
-920000 76.0
-910000 84.0
-900000 76.0
-890000 64.0
-880000 52.0
-870000 88.0
-860000 92.0
-850000 84.0
-840000 68.0
-830000 88.0
-820000 56.0
-810000 68.0
-800000 80.0
-790000 88.0
-780000 88.0
-770000 60.0
-760000 72.0
-750000 76.0
-740000 96.0
-730000 76.0
-720000 92.0
-710000 64.0
-700000 56.0
-690000 92.0
-680000 88.0
-670000 96.0
-660000 92.0
-650000 76.0
-640000 88.0
-630000 84.0
-620000 88.0
-610000 88.0
-600000 84.0
-590000 88.0
-580000 84.0
-570000 96.0
-560000 80.0
-550000 88.0
-540000 80.0
-530000 92.0
-520000 92.0
-510000 88.0
-500000 96.0
-490000 88.0
-480000 88.0
-470000 84.0
-460000 100.0
-450000 96.0
-440000 92.0
-430000 96.0
-420000 88.0
-410000 92.0
-400000 96.0
-390000 100.0
-380000 88.0
-370000 88.0
-360000 68.0
-350000 88.0
-340000 88.0
-330000 100.0
-320000 92.0
-310000 88.0
-300000 92.0
-290000 92.0
-280000 96.0
-270000 92.0
-260000 84.0
-250000 100.0
-240000 96.0
-230000 100.0
-220000 96.0
-210000 84.0
-200000 88.0
-190000 84.0
-180000 100.0
-170000 100.0
-160000 84.0
-150000 96.0
-140000 100.0
-130000 96.0
-120000 88.0
-110000 88.0
-100000 92.0
-90000 80.0
-80000 96.0
-70000 88.0
-60000 88.0
-50000 92.0
-40000 80.0
-30000 96.0
-20000 100.0
-10000 84.0
0 88.0
10000 84.0
20000 88.0
30000 24.0
40000 40.0
50000 40.0
60000 20.0
70000 92.0
80000 44.0
90000 48.0
100000 80.0
110000 60.0
120000 48.0
130000 96.0
140000 96.0
150000 96.0
160000 88.0
170000 88.0
180000 100.0
190000 76.0
200000 96.0
210000 84.0
220000 44.0
230000 80.0
240000 88.0
250000 100.0
260000 88.0
270000 92.0
280000 84.0
290000 96.0
300000 96.0
310000 92.0
320000 72.0
330000 100.0
340000 96.0
350000 92.0
360000 92.0
370000 80.0
380000 88.0
390000 100.0
400000 84.0
410000 96.0
420000 96.0
430000 92.0
440000 88.0
450000 88.0
460000 96.0
470000 92.0
480000 88.0
490000 88.0
500000 92.0
510000 96.0
520000 96.0
530000 100.0
540000 88.0
550000 84.0
560000 100.0
570000 84.0
580000 88.0
590000 92.0
600000 76.0
610000 88.0
620000 92.0
630000 100.0
640000 96.0
650000 84.0
660000 96.0
670000 96.0
680000 92.0
690000 96.0
700000 92.0
710000 84.0
720000 100.0
730000 96.0
740000 84.0
750000 100.0
760000 84.0
770000 76.0
780000 88.0
790000 88.0
800000 100.0
810000 92.0
820000 92.0
830000 96.0
840000 100.0
850000 80.0
860000 84.0
870000 100.0
880000 100.0
890000 88.0
900000 84.0
910000 96.0
920000 96.0
930000 92.0
940000 92.0
950000 88.0
960000 100.0
970000 88.0
980000 100.0
990000 92.0
1000000 88.0
