-990000 0.0
-980000 0.0
-970000 0.0
-960000 8.0
-950000 20.0
-940000 40.0
-930000 52.0
-920000 44.0
-910000 72.0
-900000 80.0
-890000 48.0
-880000 48.0
-870000 72.0
-860000 68.0
-850000 48.0
-840000 68.0
-830000 76.0
-820000 84.0
-810000 64.0
-800000 60.0
-790000 72.0
-780000 68.0
-770000 92.0
-760000 88.0
-750000 84.0
-740000 84.0
-730000 68.0
-720000 80.0
-710000 92.0
-700000 84.0
-690000 88.0
-680000 76.0
-670000 92.0
-660000 84.0
-650000 96.0
-640000 84.0
-630000 84.0
-620000 80.0
-610000 68.0
-600000 88.0
-590000 92.0
-580000 80.0
-570000 100.0
-560000 92.0
-550000 72.0
-540000 96.0
-530000 84.0
-520000 80.0
-510000 80.0
-500000 80.0
-490000 92.0
-480000 84.0
-470000 80.0
-460000 88.0
-450000 88.0
-440000 92.0
-430000 96.0
-420000 80.0
-410000 88.0
-400000 88.0
-390000 100.0
-380000 76.0
-370000 96.0
-360000 80.0
-350000 92.0
-340000 92.0
-330000 92.0
-320000 88.0
-310000 92.0
-300000 84.0
-290000 92.0
-280000 100.0
-270000 72.0
-260000 92.0
-250000 80.0
-240000 88.0
-230000 88.0
-220000 92.0
-210000 80.0
-200000 92.0
-190000 96.0
-180000 76.0
-170000 76.0
-160000 92.0
-150000 100.0
-140000 88.0
-130000 88.0
-120000 92.0
-110000 92.0
-100000 92.0
-90000 88.0
-80000 92.0
-70000 92.0
-60000 76.0
-50000 84.0
-40000 84.0
-30000 92.0
-20000 84.0
-10000 96.0
0 84.0
10000 84.0
20000 84.0
30000 36.0
40000 40.0
50000 40.0
60000 56.0
70000 36.0
80000 52.0
90000 40.0
100000 92.0
110000 88.0
120000 76.0
130000 88.0
140000 76.0
150000 72.0
160000 88.0
170000 68.0
180000 92.0
190000 76.0
200000 64.0
210000 80.0
220000 84.0
230000 80.0
240000 80.0
250000 84.0
260000 92.0
270000 76.0
280000 96.0
290000 84.0
300000 92.0
310000 92.0
320000 80.0
330000 92.0
340000 100.0
350000 92.0
360000 76.0
370000 88.0
380000 88.0
390000 76.0
400000 80.0
410000 92.0
420000 80.0
430000 88.0
440000 92.0
450000 92.0
460000 96.0
470000 88.0
480000 64.0
490000 88.0
500000 92.0
510000 92.0
520000 100.0
530000 72.0
540000 92.0
550000 96.0
560000 92.0
570000 84.0
580000 96.0
590000 76.0
600000 96.0
610000 88.0
620000 88.0
630000 72.0
640000 96.0
650000 96.0
660000 76.0
670000 100.0
680000 88.0
690000 96.0
700000 88.0
710000 80.0
720000 96.0
730000 96.0
740000 68.0
750000 88.0
760000 92.0
770000 92.0
780000 92.0
790000 88.0
800000 96.0
810000 92.0
820000 96.0
830000 92.0
840000 88.0
850000 88.0
860000 72.0
870000 76.0
880000 88.0
890000 88.0
900000 88.0
910000 88.0
920000 88.0
930000 80.0
940000 96.0
950000 88.0
960000 92.0
970000 88.0
980000 92.0
990000 88.0
1000000 96.0
