-990000 0.0
-980000 0.0
-970000 0.0
-960000 24.0
-950000 52.0
-940000 56.0
-930000 68.0
-920000 76.0
-910000 56.0
-900000 80.0
-890000 76.0
-880000 76.0
-870000 80.0
-860000 76.0
-850000 72.0
-840000 64.0
-830000 80.0
-820000 72.0
-810000 80.0
-800000 84.0
-790000 60.0
-780000 68.0
-770000 72.0
-760000 80.0
-750000 84.0
-740000 84.0
-730000 80.0
-720000 88.0
-710000 88.0
-700000 84.0
-690000 88.0
-680000 68.0
-670000 84.0
-660000 84.0
-650000 84.0
-640000 56.0
-630000 72.0
-620000 88.0
-610000 88.0
-600000 92.0
-590000 100.0
-580000 84.0
-570000 72.0
-560000 92.0
-550000 80.0
-540000 88.0
-530000 88.0
-520000 96.0
-510000 96.0
-500000 92.0
-490000 88.0
-480000 80.0
-470000 88.0
-460000 92.0
-450000 88.0
-440000 84.0
-430000 80.0
-420000 100.0
-410000 88.0
-400000 84.0
-390000 92.0
-380000 88.0
-370000 88.0
-360000 84.0
-350000 80.0
-340000 88.0
-330000 88.0
-320000 88.0
-310000 96.0
-300000 92.0
-290000 92.0
-280000 84.0
-270000 92.0
-260000 96.0
-250000 88.0
-240000 92.0
-230000 72.0
-220000 92.0
-210000 92.0
-200000 92.0
-190000 92.0
-180000 88.0
-170000 96.0
-160000 92.0
-150000 100.0
-140000 84.0
-130000 96.0
-120000 96.0
-110000 88.0
-100000 84.0
-90000 80.0
-80000 88.0
-70000 92.0
-60000 96.0
-50000 84.0
-40000 96.0
-30000 76.0
-20000 96.0
-10000 92.0
0 96.0
10000 88.0
20000 84.0
30000 60.0
40000 88.0
50000 56.0
60000 92.0
70000 80.0
80000 88.0
90000 84.0
100000 80.0
110000 80.0
120000 68.0
130000 80.0
140000 76.0
150000 92.0
160000 92.0
170000 88.0
180000 100.0
190000 80.0
200000 84.0
210000 88.0
220000 76.0
230000 92.0
240000 96.0
250000 92.0
260000 96.0
270000 84.0
280000 32.0
290000 52.0
300000 80.0
310000 84.0
320000 64.0
330000 64.0
340000 76.0
350000 64.0
360000 72.0
370000 84.0
380000 76.0
390000 80.0
400000 76.0
410000 96.0
420000 88.0
430000 92.0
440000 84.0
450000 88.0
460000 96.0
470000 60.0
480000 96.0
490000 92.0
500000 84.0
510000 96.0
520000 96.0
530000 88.0
540000 88.0
550000 100.0
560000 88.0
570000 88.0
580000 92.0
590000 96.0
600000 100.0
610000 96.0
620000 80.0
630000 92.0
640000 88.0
650000 92.0
660000 96.0
670000 96.0
680000 88.0
690000 96.0
700000 92.0
710000 92.0
720000 92.0
730000 80.0
740000 88.0
750000 96.0
760000 88.0
770000 88.0
780000 96.0
790000 96.0
800000 92.0
810000 88.0
820000 92.0
830000 100.0
840000 96.0
850000 96.0
860000 96.0
870000 96.0
880000 92.0
890000 92.0
900000 100.0
910000 84.0
920000 80.0
930000 96.0
940000 88.0
950000 92.0
960000 100.0
970000 96.0
980000 96.0
990000 96.0
1000000 92.0
