-990000 0.0
-980000 0.0
-970000 8.0
-960000 28.0
-950000 4.0
-940000 64.0
-930000 56.0
-920000 48.0
-910000 52.0
-900000 52.0
-890000 56.0
-880000 56.0
-870000 68.0
-860000 72.0
-850000 48.0
-840000 56.0
-830000 68.0
-820000 76.0
-810000 76.0
-800000 80.0
-790000 92.0
-780000 64.0
-770000 88.0
-760000 72.0
-750000 60.0
-740000 84.0
-730000 72.0
-720000 88.0
-710000 84.0
-700000 80.0
-690000 80.0
-680000 80.0
-670000 76.0
-660000 72.0
-650000 72.0
-640000 80.0
-630000 64.0
-620000 84.0
-610000 88.0
-600000 80.0
-590000 76.0
-580000 96.0
-570000 92.0
-560000 72.0
-550000 76.0
-540000 80.0
-530000 84.0
-520000 96.0
-510000 84.0
-500000 88.0
-490000 80.0
-480000 72.0
-470000 88.0
-460000 68.0
-450000 80.0
-440000 80.0
-430000 76.0
-420000 84.0
-410000 56.0
-400000 92.0
-390000 76.0
-380000 76.0
-370000 92.0
-360000 84.0
-350000 84.0
-340000 88.0
-330000 72.0
-320000 76.0
-310000 76.0
-300000 76.0
-290000 88.0
-280000 84.0
-270000 76.0
-260000 100.0
-250000 76.0
-240000 88.0
-230000 84.0
-220000 92.0
-210000 76.0
-200000 80.0
-190000 72.0
-180000 84.0
-170000 72.0
-160000 76.0
-150000 80.0
-140000 76.0
-130000 96.0
-120000 76.0
-110000 76.0
-100000 80.0
-90000 96.0
-80000 84.0
-70000 84.0
-60000 60.0
-50000 68.0
-40000 76.0
-30000 80.0
-20000 80.0
-10000 80.0
0 88.0
10000 64.0
20000 60.0
30000 76.0
40000 80.0
50000 84.0
60000 76.0
70000 80.0
80000 48.0
90000 72.0
100000 48.0
110000 68.0
120000 64.0
130000 84.0
140000 76.0
150000 84.0
160000 80.0
170000 92.0
180000 84.0
190000 84.0
200000 84.0
210000 84.0
220000 72.0
230000 80.0
240000 68.0
250000 92.0
260000 92.0
270000 72.0
280000 88.0
290000 84.0
300000 76.0
310000 92.0
320000 88.0
330000 88.0
340000 72.0
350000 88.0
360000 92.0
370000 88.0
380000 72.0
390000 76.0
400000 88.0
410000 80.0
420000 76.0
430000 68.0
440000 76.0
450000 76.0
460000 80.0
470000 80.0
480000 84.0
490000 72.0
500000 84.0
510000 72.0
520000 92.0
530000 84.0
540000 92.0
550000 88.0
560000 76.0
570000 76.0
580000 76.0
590000 88.0
600000 96.0
610000 80.0
620000 88.0
630000 84.0
640000 76.0
650000 92.0
660000 80.0
670000 88.0
680000 80.0
690000 80.0
700000 96.0
710000 76.0
720000 76.0
730000 88.0
740000 84.0
750000 64.0
760000 76.0
770000 84.0
780000 92.0
790000 88.0
800000 88.0
810000 84.0
820000 96.0
830000 76.0
840000 84.0
850000 80.0
860000 84.0
870000 84.0
880000 68.0
890000 84.0
900000 80.0
910000 88.0
920000 76.0
930000 100.0
940000 76.0
950000 84.0
960000 80.0
970000 64.0
980000 88.0
990000 92.0
1000000 76.0
