-990000 0.0
-980000 0.0
-970000 0.0
-960000 0.0
-950000 12.0
-940000 56.0
-930000 76.0
-920000 68.0
-910000 40.0
-900000 72.0
-890000 76.0
-880000 64.0
-870000 52.0
-860000 48.0
-850000 64.0
-840000 56.0
-830000 68.0
-820000 72.0
-810000 76.0
-800000 80.0
-790000 88.0
-780000 64.0
-770000 92.0
-760000 72.0
-750000 84.0
-740000 92.0
-730000 72.0
-720000 72.0
-710000 84.0
-700000 84.0
-690000 76.0
-680000 88.0
-670000 84.0
-660000 72.0
-650000 80.0
-640000 64.0
-630000 76.0
-620000 68.0
-610000 88.0
-600000 72.0
-590000 72.0
-580000 84.0
-570000 80.0
-560000 92.0
-550000 88.0
-540000 88.0
-530000 84.0
-520000 68.0
-510000 88.0
-500000 76.0
-490000 80.0
-480000 84.0
-470000 88.0
-460000 88.0
-450000 76.0
-440000 76.0
-430000 88.0
-420000 84.0
-410000 80.0
-400000 96.0
-390000 80.0
-380000 76.0
-370000 92.0
-360000 84.0
-350000 80.0
-340000 92.0
-330000 72.0
-320000 88.0
-310000 76.0
-300000 84.0
-290000 88.0
-280000 88.0
-270000 88.0
-260000 88.0
-250000 84.0
-240000 84.0
-230000 76.0
-220000 96.0
-210000 96.0
-200000 84.0
-190000 96.0
-180000 92.0
-170000 88.0
-160000 92.0
-150000 64.0
-140000 92.0
-130000 80.0
-120000 72.0
-110000 88.0
-100000 92.0
-90000 96.0
-80000 76.0
-70000 72.0
-60000 100.0
-50000 80.0
-40000 92.0
-30000 84.0
-20000 88.0
-10000 84.0
0 96.0
10000 84.0
20000 80.0
30000 36.0
40000 48.0
50000 84.0
60000 84.0
70000 96.0
80000 64.0
90000 96.0
100000 72.0
110000 88.0
120000 84.0
130000 72.0
140000 88.0
150000 84.0
160000 88.0
170000 100.0
180000 84.0
190000 100.0
200000 84.0
210000 96.0
220000 72.0
230000 80.0
240000 84.0
250000 88.0
260000 80.0
270000 92.0
280000 84.0
290000 96.0
300000 40.0
310000 76.0
320000 68.0
330000 92.0
340000 96.0
350000 84.0
360000 80.0
370000 100.0
380000 96.0
390000 100.0
400000 96.0
410000 96.0
420000 96.0
430000 92.0
440000 96.0
450000 84.0
460000 100.0
470000 100.0
480000 88.0
490000 96.0
500000 92.0
510000 96.0
520000 92.0
530000 88.0
540000 96.0
550000 96.0
560000 88.0
570000 100.0
580000 100.0
590000 92.0
600000 96.0
610000 92.0
620000 88.0
630000 92.0
640000 92.0
650000 88.0
660000 96.0
670000 100.0
680000 96.0
690000 100.0
700000 88.0
710000 100.0
720000 92.0
730000 96.0
740000 100.0
750000 92.0
760000 92.0
770000 96.0
780000 96.0
790000 88.0
800000 96.0
810000 84.0
820000 88.0
830000 92.0
840000 96.0
850000 88.0
860000 96.0
870000 92.0
880000 88.0
890000 96.0
900000 96.0
910000 96.0
920000 96.0
930000 92.0
940000 100.0
950000 96.0
960000 92.0
970000 100.0
980000 100.0
990000 92.0
1000000 96.0
