-990000 0.0
-980000 4.0
-970000 12.0
-960000 12.0
-950000 16.0
-940000 48.0
-930000 64.0
-920000 80.0
-910000 60.0
-900000 56.0
-890000 80.0
-880000 76.0
-870000 80.0
-860000 76.0
-850000 88.0
-840000 76.0
-830000 88.0
-820000 84.0
-810000 80.0
-800000 84.0
-790000 92.0
-780000 88.0
-770000 92.0
-760000 88.0
-750000 76.0
-740000 84.0
-730000 80.0
-720000 92.0
-710000 76.0
-700000 80.0
-690000 96.0
-680000 96.0
-670000 92.0
-660000 92.0
-650000 92.0
-640000 92.0
-630000 76.0
-620000 92.0
-610000 84.0
-600000 88.0
-590000 76.0
-580000 92.0
-570000 80.0
-560000 92.0
-550000 92.0
-540000 92.0
-530000 88.0
-520000 84.0
-510000 84.0
-500000 88.0
-490000 80.0
-480000 88.0
-470000 72.0
-460000 92.0
-450000 80.0
-440000 76.0
-430000 72.0
-420000 84.0
-410000 84.0
-400000 80.0
-390000 84.0
-380000 64.0
-370000 80.0
-360000 72.0
-350000 76.0
-340000 80.0
-330000 84.0
-320000 76.0
-310000 84.0
-300000 84.0
-290000 92.0
-280000 80.0
-270000 80.0
-260000 88.0
-250000 88.0
-240000 92.0
-230000 92.0
-220000 76.0
-210000 84.0
-200000 84.0
-190000 72.0
-180000 76.0
-170000 88.0
-160000 92.0
-150000 76.0
-140000 60.0
-130000 80.0
-120000 84.0
-110000 76.0
-100000 88.0
-90000 76.0
-80000 72.0
-70000 68.0
-60000 76.0
-50000 76.0
-40000 72.0
-30000 64.0
-20000 64.0
-10000 64.0
0 68.0
10000 56.0
20000 64.0
30000 76.0
40000 64.0
50000 64.0
60000 44.0
70000 40.0
80000 60.0
90000 80.0
100000 76.0
110000 72.0
120000 72.0
130000 68.0
140000 60.0
150000 80.0
160000 72.0
170000 84.0
180000 80.0
190000 72.0
200000 88.0
210000 64.0
220000 72.0
230000 88.0
240000 68.0
250000 64.0
260000 80.0
270000 92.0
280000 68.0
290000 76.0
300000 68.0
310000 72.0
320000 88.0
330000 84.0
340000 80.0
350000 80.0
360000 80.0
370000 68.0
380000 88.0
390000 80.0
400000 84.0
410000 88.0
420000 76.0
430000 80.0
440000 92.0
450000 80.0
460000 84.0
470000 68.0
480000 92.0
490000 84.0
500000 64.0
510000 76.0
520000 76.0
530000 72.0
540000 84.0
550000 80.0
560000 80.0
570000 92.0
580000 68.0
590000 72.0
600000 76.0
610000 72.0
620000 84.0
630000 72.0
640000 72.0
650000 80.0
660000 76.0
670000 88.0
680000 76.0
690000 80.0
700000 84.0
710000 80.0
720000 80.0
730000 80.0
740000 52.0
750000 84.0
760000 92.0
770000 84.0
780000 88.0
790000 72.0
800000 64.0
810000 68.0
820000 84.0
830000 80.0
840000 88.0
850000 76.0
860000 72.0
870000 88.0
880000 84.0
890000 80.0
900000 80.0
910000 80.0
920000 84.0
930000 76.0
940000 80.0
950000 76.0
960000 92.0
970000 88.0
980000 76.0
990000 68.0
1000000 84.0
