-990000 0.0
-980000 0.0
-970000 0.0
-960000 0.0
-950000 28.0
-940000 60.0
-930000 72.0
-920000 44.0
-910000 48.0
-900000 72.0
-890000 68.0
-880000 68.0
-870000 68.0
-860000 56.0
-850000 96.0
-840000 96.0
-830000 88.0
-820000 56.0
-810000 68.0
-800000 88.0
-790000 72.0
-780000 76.0
-770000 56.0
-760000 88.0
-750000 72.0
-740000 72.0
-730000 76.0
-720000 88.0
-710000 92.0
-700000 76.0
-690000 60.0
-680000 80.0
-670000 80.0
-660000 92.0
-650000 92.0
-640000 80.0
-630000 80.0
-620000 76.0
-610000 80.0
-600000 96.0
-590000 92.0
-580000 92.0
-570000 92.0
-560000 84.0
-550000 92.0
-540000 84.0
-530000 88.0
-520000 88.0
-510000 64.0
-500000 68.0
-490000 92.0
-480000 84.0
-470000 68.0
-460000 84.0
-450000 88.0
-440000 100.0
-430000 88.0
-420000 100.0
-410000 76.0
-400000 92.0
-390000 88.0
-380000 92.0
-370000 92.0
-360000 100.0
-350000 96.0
-340000 96.0
-330000 84.0
-320000 76.0
-310000 88.0
-300000 88.0
-290000 80.0
-280000 96.0
-270000 92.0
-260000 92.0
-250000 84.0
-240000 92.0
-230000 84.0
-220000 88.0
-210000 96.0
-200000 84.0
-190000 92.0
-180000 100.0
-170000 88.0
-160000 76.0
-150000 88.0
-140000 92.0
-130000 84.0
-120000 96.0
-110000 96.0
-100000 96.0
-90000 88.0
-80000 92.0
-70000 84.0
-60000 84.0
-50000 84.0
-40000 88.0
-30000 88.0
-20000 100.0
-10000 96.0
0 96.0
10000 92.0
20000 80.0
30000 60.0
40000 44.0
50000 56.0
60000 80.0
70000 84.0
80000 68.0
90000 76.0
100000 92.0
110000 88.0
120000 64.0
130000 76.0
140000 84.0
150000 84.0
160000 80.0
170000 92.0
180000 60.0
190000 88.0
200000 88.0
210000 72.0
220000 80.0
230000 72.0
240000 52.0
250000 92.0
260000 88.0
270000 88.0
280000 88.0
290000 92.0
300000 92.0
310000 76.0
320000 84.0
330000 92.0
340000 84.0
350000 84.0
360000 88.0
370000 80.0
380000 100.0
390000 68.0
400000 96.0
410000 84.0
420000 92.0
430000 84.0
440000 96.0
450000 100.0
460000 96.0
470000 88.0
480000 92.0
490000 88.0
500000 88.0
510000 100.0
520000 96.0
530000 92.0
540000 96.0
550000 88.0
560000 88.0
570000 96.0
580000 96.0
590000 100.0
600000 80.0
610000 80.0
620000 96.0
630000 88.0
640000 100.0
650000 100.0
660000 92.0
670000 96.0
680000 88.0
690000 100.0
700000 96.0
710000 100.0
720000 100.0
730000 92.0
740000 92.0
750000 88.0
760000 96.0
770000 100.0
780000 92.0
790000 96.0
800000 96.0
810000 96.0
820000 100.0
830000 88.0
840000 92.0
850000 92.0
860000 96.0
870000 92.0
880000 88.0
890000 84.0
900000 76.0
910000 96.0
920000 76.0
930000 92.0
940000 88.0
950000 100.0
960000 88.0
970000 96.0
980000 96.0
990000 92.0
1000000 80.0
