-990000 0.0
-980000 0.0
-970000 8.0
-960000 36.0
-950000 80.0
-940000 80.0
-930000 76.0
-920000 60.0
-910000 60.0
-900000 56.0
-890000 80.0
-880000 80.0
-870000 72.0
-860000 92.0
-850000 84.0
-840000 92.0
-830000 60.0
-820000 88.0
-810000 92.0
-800000 80.0
-790000 96.0
-780000 84.0
-770000 92.0
-760000 92.0
-750000 80.0
-740000 84.0
-730000 84.0
-720000 64.0
-710000 88.0
-700000 80.0
-690000 84.0
-680000 76.0
-670000 84.0
-660000 92.0
-650000 88.0
-640000 88.0
-630000 76.0
-620000 88.0
-610000 72.0
-600000 68.0
-590000 84.0
-580000 84.0
-570000 76.0
-560000 76.0
-550000 76.0
-540000 80.0
-530000 80.0
-520000 88.0
-510000 84.0
-500000 92.0
-490000 76.0
-480000 84.0
-470000 84.0
-460000 76.0
-450000 84.0
-440000 68.0
-430000 88.0
-420000 88.0
-410000 88.0
-400000 84.0
-390000 76.0
-380000 76.0
-370000 96.0
-360000 88.0
-350000 80.0
-340000 88.0
-330000 84.0
-320000 92.0
-310000 76.0
-300000 84.0
-290000 100.0
-280000 92.0
-270000 92.0
-260000 88.0
-250000 88.0
-240000 92.0
-230000 88.0
-220000 76.0
-210000 80.0
-200000 84.0
-190000 76.0
-180000 72.0
-170000 80.0
-160000 72.0
-150000 64.0
-140000 64.0
-130000 72.0
-120000 72.0
-110000 92.0
-100000 72.0
-90000 76.0
-80000 72.0
-70000 68.0
-60000 80.0
-50000 84.0
-40000 68.0
-30000 92.0
-20000 88.0
-10000 64.0
0 88.0
10000 84.0
20000 64.0
30000 84.0
40000 80.0
50000 48.0
60000 32.0
70000 52.0
80000 52.0
90000 36.0
100000 40.0
110000 68.0
120000 72.0
130000 68.0
140000 56.0
150000 72.0
160000 68.0
170000 60.0
180000 80.0
190000 76.0
200000 76.0
210000 60.0
220000 88.0
230000 76.0
240000 72.0
250000 88.0
260000 80.0
270000 68.0
280000 80.0
290000 60.0
300000 92.0
310000 76.0
320000 84.0
330000 80.0
340000 88.0
350000 84.0
360000 84.0
370000 76.0
380000 80.0
390000 84.0
400000 88.0
410000 80.0
420000 80.0
430000 72.0
440000 88.0
450000 88.0
460000 96.0
470000 72.0
480000 92.0
490000 88.0
500000 88.0
510000 80.0
520000 80.0
530000 80.0
540000 80.0
550000 84.0
560000 84.0
570000 84.0
580000 76.0
590000 68.0
600000 60.0
610000 80.0
620000 80.0
630000 76.0
640000 88.0
650000 84.0
660000 84.0
670000 68.0
680000 84.0
690000 80.0
700000 88.0
710000 80.0
720000 88.0
730000 72.0
740000 80.0
750000 80.0
760000 88.0
770000 80.0
780000 80.0
790000 76.0
800000 60.0
810000 72.0
820000 76.0
830000 80.0
840000 84.0
850000 92.0
860000 84.0
870000 92.0
880000 68.0
890000 88.0
900000 88.0
910000 92.0
920000 92.0
930000 92.0
940000 84.0
950000 76.0
960000 84.0
970000 76.0
980000 84.0
990000 88.0
1000000 76.0
