-990000 4.0
-980000 16.0
-970000 60.0
-960000 60.0
-950000 52.0
-940000 64.0
-930000 48.0
-920000 72.0
-910000 60.0
-900000 56.0
-890000 64.0
-880000 72.0
-870000 68.0
-860000 68.0
-850000 60.0
-840000 72.0
-830000 64.0
-820000 64.0
-810000 68.0
-800000 64.0
-790000 68.0
-780000 52.0
-770000 72.0
-760000 60.0
-750000 72.0
-740000 76.0
-730000 64.0
-720000 72.0
-710000 56.0
-700000 76.0
-690000 56.0
-680000 60.0
-670000 60.0
-660000 44.0
-650000 56.0
-640000 60.0
-630000 60.0
-620000 80.0
-610000 40.0
-600000 60.0
-590000 60.0
-580000 68.0
-570000 72.0
-560000 60.0
-550000 60.0
-540000 56.0
-530000 60.0
-520000 48.0
-510000 48.0
-500000 60.0
-490000 68.0
-480000 52.0
-470000 60.0
-460000 60.0
-450000 56.0
-440000 60.0
-430000 64.0
-420000 56.0
-410000 76.0
-400000 84.0
-390000 72.0
-380000 68.0
-370000 60.0
-360000 48.0
-350000 68.0
-340000 52.0
-330000 60.0
-320000 56.0
-310000 72.0
-300000 72.0
-290000 44.0
-280000 60.0
-270000 80.0
-260000 72.0
-250000 56.0
-240000 56.0
-230000 64.0
-220000 60.0
-210000 52.0
-200000 76.0
-190000 52.0
-180000 64.0
-170000 44.0
-160000 72.0
-150000 64.0
-140000 64.0
-130000 52.0
-120000 48.0
-110000 60.0
-100000 56.0
-90000 56.0
-80000 72.0
-70000 44.0
-60000 52.0
-50000 48.0
-40000 48.0
-30000 56.0
-20000 56.0
-10000 56.0
0 60.0
10000 56.0
20000 68.0
30000 64.0
40000 84.0
50000 56.0
60000 64.0
70000 68.0
80000 64.0
90000 52.0
100000 64.0
110000 60.0
120000 36.0
130000 60.0
140000 48.0
150000 48.0
160000 56.0
170000 76.0
180000 80.0
190000 48.0
200000 64.0
210000 56.0
220000 60.0
230000 68.0
240000 48.0
250000 24.0
260000 60.0
270000 68.0
280000 36.0
290000 52.0
300000 52.0
310000 56.0
320000 36.0
330000 60.0
340000 64.0
350000 68.0
360000 56.0
370000 68.0
380000 60.0
390000 72.0
400000 56.0
410000 48.0
420000 24.0
430000 60.0
440000 36.0
450000 40.0
460000 52.0
470000 52.0
480000 64.0
490000 44.0
500000 52.0
510000 48.0
520000 72.0
530000 48.0
540000 56.0
550000 40.0
560000 44.0
570000 64.0
580000 52.0
590000 40.0
600000 72.0
610000 64.0
620000 76.0
630000 44.0
640000 40.0
650000 52.0
660000 56.0
670000 44.0
680000 68.0
690000 52.0
700000 76.0
710000 60.0
720000 60.0
730000 52.0
740000 72.0
750000 48.0
760000 56.0
770000 68.0
780000 56.0
790000 56.0
800000 56.0
810000 24.0
820000 72.0
830000 32.0
840000 44.0
850000 48.0
860000 28.0
870000 48.0
880000 56.0
890000 60.0
900000 40.0
910000 44.0
920000 64.0
930000 60.0
940000 72.0
950000 36.0
960000 64.0
970000 64.0
980000 60.0
990000 64.0
1000000 44.0
