-990000 0.0
-980000 0.0
-970000 0.0
-960000 0.0
-950000 4.0
-940000 44.0
-930000 44.0
-920000 76.0
-910000 72.0
-900000 44.0
-890000 84.0
-880000 40.0
-870000 56.0
-860000 60.0
-850000 84.0
-840000 72.0
-830000 92.0
-820000 92.0
-810000 84.0
-800000 80.0
-790000 76.0
-780000 92.0
-770000 84.0
-760000 84.0
-750000 88.0
-740000 100.0
-730000 84.0
-720000 88.0
-710000 96.0
-700000 68.0
-690000 60.0
-680000 88.0
-670000 88.0
-660000 84.0
-650000 96.0
-640000 80.0
-630000 92.0
-620000 88.0
-610000 88.0
-600000 84.0
-590000 88.0
-580000 88.0
-570000 100.0
-560000 88.0
-550000 88.0
-540000 76.0
-530000 68.0
-520000 84.0
-510000 100.0
-500000 84.0
-490000 84.0
-480000 88.0
-470000 92.0
-460000 100.0
-450000 88.0
-440000 80.0
-430000 96.0
-420000 96.0
-410000 88.0
-400000 88.0
-390000 84.0
-380000 88.0
-370000 96.0
-360000 96.0
-350000 92.0
-340000 96.0
-330000 88.0
-320000 88.0
-310000 92.0
-300000 92.0
-290000 84.0
-280000 96.0
-270000 84.0
-260000 72.0
-250000 92.0
-240000 88.0
-230000 88.0
-220000 96.0
-210000 76.0
-200000 96.0
-190000 80.0
-180000 80.0
-170000 84.0
-160000 92.0
-150000 92.0
-140000 92.0
-130000 92.0
-120000 80.0
-110000 88.0
-100000 84.0
-90000 80.0
-80000 92.0
-70000 88.0
-60000 96.0
-50000 88.0
-40000 88.0
-30000 96.0
-20000 96.0
-10000 80.0
0 92.0
10000 96.0
20000 88.0
30000 76.0
40000 88.0
50000 68.0
60000 96.0
70000 88.0
80000 100.0
90000 80.0
100000 92.0
110000 84.0
120000 96.0
130000 88.0
140000 96.0
150000 96.0
160000 92.0
170000 84.0
180000 84.0
190000 72.0
200000 96.0
210000 76.0
220000 96.0
230000 96.0
240000 84.0
250000 88.0
260000 92.0
270000 88.0
280000 92.0
290000 76.0
300000 88.0
310000 92.0
320000 88.0
330000 92.0
340000 80.0
350000 84.0
360000 84.0
370000 88.0
380000 76.0
390000 80.0
400000 92.0
410000 88.0
420000 80.0
430000 88.0
440000 84.0
450000 92.0
460000 88.0
470000 88.0
480000 96.0
490000 80.0
500000 92.0
510000 88.0
520000 84.0
530000 84.0
540000 76.0
550000 84.0
560000 96.0
570000 88.0
580000 92.0
590000 84.0
600000 96.0
610000 84.0
620000 76.0
630000 88.0
640000 92.0
650000 96.0
660000 88.0
670000 80.0
680000 76.0
690000 84.0
700000 92.0
710000 92.0
720000 92.0
730000 88.0
740000 84.0
750000 88.0
760000 92.0
770000 88.0
780000 76.0
790000 84.0
800000 72.0
810000 88.0
820000 88.0
830000 84.0
840000 88.0
850000 84.0
860000 88.0
870000 80.0
880000 84.0
890000 76.0
900000 76.0
910000 88.0
920000 92.0
930000 92.0
940000 72.0
950000 92.0
960000 88.0
970000 80.0
980000 96.0
990000 92.0
1000000 88.0
