-990000 0.0
-980000 12.0
-970000 52.0
-960000 60.0
-950000 60.0
-940000 76.0
-930000 52.0
-920000 68.0
-910000 52.0
-900000 48.0
-890000 56.0
-880000 64.0
-870000 60.0
-860000 48.0
-850000 72.0
-840000 68.0
-830000 80.0
-820000 68.0
-810000 40.0
-800000 72.0
-790000 60.0
-780000 64.0
-770000 48.0
-760000 76.0
-750000 52.0
-740000 64.0
-730000 44.0
-720000 56.0
-710000 80.0
-700000 56.0
-690000 64.0
-680000 72.0
-670000 60.0
-660000 44.0
-650000 60.0
-640000 84.0
-630000 72.0
-620000 52.0
-610000 64.0
-600000 76.0
-590000 72.0
-580000 60.0
-570000 48.0
-560000 76.0
-550000 68.0
-540000 60.0
-530000 80.0
-520000 88.0
-510000 56.0
-500000 48.0
-490000 76.0
-480000 40.0
-470000 60.0
-460000 52.0
-450000 56.0
-440000 60.0
-430000 72.0
-420000 40.0
-410000 40.0
-400000 52.0
-390000 64.0
-380000 52.0
-370000 60.0
-360000 60.0
-350000 64.0
-340000 52.0
-330000 52.0
-320000 76.0
-310000 68.0
-300000 48.0
-290000 60.0
-280000 76.0
-270000 68.0
-260000 60.0
-250000 64.0
-240000 64.0
-230000 56.0
-220000 72.0
-210000 56.0
-200000 60.0
-190000 60.0
-180000 68.0
-170000 60.0
-160000 60.0
-150000 52.0
-140000 76.0
-130000 56.0
-120000 60.0
-110000 72.0
-100000 60.0
-90000 56.0
-80000 56.0
-70000 64.0
-60000 56.0
-50000 52.0
-40000 84.0
-30000 68.0
-20000 72.0
-10000 48.0
0 52.0
10000 72.0
20000 80.0
30000 60.0
40000 56.0
50000 72.0
60000 68.0
70000 52.0
80000 72.0
90000 52.0
100000 76.0
110000 48.0
120000 44.0
130000 60.0
140000 84.0
150000 68.0
160000 48.0
170000 68.0
180000 80.0
190000 76.0
200000 72.0
210000 60.0
220000 80.0
230000 76.0
240000 80.0
250000 60.0
260000 92.0
270000 60.0
280000 72.0
290000 64.0
300000 84.0
310000 64.0
320000 84.0
330000 76.0
340000 72.0
350000 76.0
360000 80.0
370000 72.0
380000 76.0
390000 68.0
400000 84.0
410000 64.0
420000 60.0
430000 76.0
440000 80.0
450000 68.0
460000 76.0
470000 72.0
480000 72.0
490000 68.0
500000 76.0
510000 76.0
520000 56.0
530000 64.0
540000 76.0
550000 76.0
560000 64.0
570000 80.0
580000 72.0
590000 60.0
600000 64.0
610000 88.0
620000 76.0
630000 64.0
640000 56.0
650000 48.0
660000 48.0
670000 72.0
680000 64.0
690000 52.0
700000 72.0
710000 68.0
720000 60.0
730000 76.0
740000 56.0
750000 76.0
760000 72.0
770000 56.0
780000 56.0
790000 60.0
800000 56.0
810000 68.0
820000 60.0
830000 44.0
840000 72.0
850000 68.0
860000 68.0
870000 64.0
880000 60.0
890000 68.0
900000 64.0
910000 60.0
920000 68.0
930000 72.0
940000 72.0
950000 68.0
960000 60.0
970000 68.0
980000 60.0
990000 64.0
1000000 56.0
