-990000 0.0
-980000 28.0
-970000 56.0
-960000 48.0
-950000 40.0
-940000 72.0
-930000 68.0
-920000 40.0
-910000 60.0
-900000 76.0
-890000 72.0
-880000 52.0
-870000 72.0
-860000 64.0
-850000 72.0
-840000 64.0
-830000 76.0
-820000 68.0
-810000 48.0
-800000 56.0
-790000 52.0
-780000 64.0
-770000 72.0
-760000 56.0
-750000 64.0
-740000 60.0
-730000 68.0
-720000 44.0
-710000 84.0
-700000 76.0
-690000 68.0
-680000 68.0
-670000 56.0
-660000 52.0
-650000 52.0
-640000 72.0
-630000 72.0
-620000 72.0
-610000 60.0
-600000 64.0
-590000 64.0
-580000 52.0
-570000 64.0
-560000 60.0
-550000 44.0
-540000 60.0
-530000 68.0
-520000 56.0
-510000 52.0
-500000 52.0
-490000 60.0
-480000 56.0
-470000 68.0
-460000 68.0
-450000 60.0
-440000 36.0
-430000 56.0
-420000 76.0
-410000 68.0
-400000 52.0
-390000 84.0
-380000 72.0
-370000 64.0
-360000 52.0
-350000 44.0
-340000 36.0
-330000 52.0
-320000 60.0
-310000 56.0
-300000 56.0
-290000 72.0
-280000 68.0
-270000 48.0
-260000 60.0
-250000 52.0
-240000 64.0
-230000 72.0
-220000 68.0
-210000 44.0
-200000 44.0
-190000 56.0
-180000 52.0
-170000 52.0
-160000 76.0
-150000 64.0
-140000 48.0
-130000 52.0
-120000 60.0
-110000 60.0
-100000 56.0
-90000 68.0
-80000 56.0
-70000 52.0
-60000 56.0
-50000 60.0
-40000 44.0
-30000 60.0
-20000 68.0
-10000 48.0
0 56.0
10000 36.0
20000 56.0
30000 52.0
40000 60.0
50000 64.0
60000 64.0
70000 68.0
80000 72.0
90000 84.0
100000 60.0
110000 68.0
120000 68.0
130000 84.0
140000 60.0
150000 64.0
160000 60.0
170000 40.0
180000 56.0
190000 24.0
200000 32.0
210000 64.0
220000 36.0
230000 48.0
240000 52.0
250000 28.0
260000 36.0
270000 52.0
280000 32.0
290000 44.0
300000 40.0
310000 36.0
320000 40.0
330000 80.0
340000 32.0
350000 56.0
360000 80.0
370000 36.0
380000 36.0
390000 64.0
400000 32.0
410000 44.0
420000 68.0
430000 60.0
440000 32.0
450000 72.0
460000 56.0
470000 52.0
480000 60.0
490000 72.0
500000 72.0
510000 68.0
520000 56.0
530000 52.0
540000 44.0
550000 64.0
560000 40.0
570000 60.0
580000 48.0
590000 60.0
600000 52.0
610000 60.0
620000 72.0
630000 68.0
640000 60.0
650000 44.0
660000 28.0
670000 72.0
680000 64.0
690000 28.0
700000 36.0
710000 28.0
720000 32.0
730000 60.0
740000 60.0
750000 36.0
760000 64.0
770000 52.0
780000 60.0
790000 44.0
800000 60.0
810000 52.0
820000 44.0
830000 44.0
840000 36.0
850000 64.0
860000 52.0
870000 44.0
880000 68.0
890000 48.0
900000 52.0
910000 52.0
920000 56.0
930000 40.0
940000 36.0
950000 68.0
960000 52.0
970000 40.0
980000 68.0
990000 36.0
1000000 52.0
