-990000 0.0
-980000 0.0
-970000 0.0
-960000 4.0
-950000 16.0
-940000 68.0
-930000 72.0
-920000 84.0
-910000 72.0
-900000 84.0
-890000 76.0
-880000 80.0
-870000 92.0
-860000 88.0
-850000 64.0
-840000 76.0
-830000 64.0
-820000 68.0
-810000 84.0
-800000 84.0
-790000 80.0
-780000 76.0
-770000 84.0
-760000 76.0
-750000 92.0
-740000 84.0
-730000 80.0
-720000 88.0
-710000 76.0
-700000 76.0
-690000 84.0
-680000 88.0
-670000 76.0
-660000 84.0
-650000 84.0
-640000 92.0
-630000 84.0
-620000 88.0
-610000 96.0
-600000 84.0
-590000 88.0
-580000 88.0
-570000 92.0
-560000 92.0
-550000 92.0
-540000 92.0
-530000 84.0
-520000 84.0
-510000 64.0
-500000 84.0
-490000 84.0
-480000 84.0
-470000 76.0
-460000 100.0
-450000 88.0
-440000 76.0
-430000 84.0
-420000 88.0
-410000 84.0
-400000 96.0
-390000 88.0
-380000 80.0
-370000 92.0
-360000 88.0
-350000 72.0
-340000 96.0
-330000 84.0
-320000 76.0
-310000 80.0
-300000 68.0
-290000 84.0
-280000 84.0
-270000 92.0
-260000 96.0
-250000 76.0
-240000 76.0
-230000 84.0
-220000 80.0
-210000 84.0
-200000 88.0
-190000 84.0
-180000 80.0
-170000 88.0
-160000 80.0
-150000 80.0
-140000 68.0
-130000 60.0
-120000 92.0
-110000 96.0
-100000 64.0
-90000 96.0
-80000 76.0
-70000 96.0
-60000 88.0
-50000 80.0
-40000 84.0
-30000 92.0
-20000 88.0
-10000 80.0
0 68.0
10000 80.0
20000 72.0
30000 48.0
40000 56.0
50000 64.0
60000 44.0
70000 72.0
80000 80.0
90000 56.0
100000 88.0
110000 64.0
120000 68.0
130000 80.0
140000 76.0
150000 76.0
160000 72.0
170000 72.0
180000 76.0
190000 64.0
200000 56.0
210000 84.0
220000 92.0
230000 80.0
240000 68.0
250000 80.0
260000 88.0
270000 92.0
280000 80.0
290000 64.0
300000 84.0
310000 80.0
320000 76.0
330000 88.0
340000 76.0
350000 88.0
360000 80.0
370000 92.0
380000 88.0
390000 76.0
400000 84.0
410000 72.0
420000 72.0
430000 88.0
440000 84.0
450000 80.0
460000 88.0
470000 88.0
480000 84.0
490000 72.0
500000 92.0
510000 84.0
520000 76.0
530000 92.0
540000 80.0
550000 96.0
560000 76.0
570000 68.0
580000 96.0
590000 88.0
600000 72.0
610000 92.0
620000 64.0
630000 80.0
640000 76.0
650000 84.0
660000 80.0
670000 88.0
680000 88.0
690000 88.0
700000 84.0
710000 64.0
720000 88.0
730000 96.0
740000 76.0
750000 88.0
760000 76.0
770000 84.0
780000 80.0
790000 88.0
800000 92.0
810000 80.0
820000 88.0
830000 92.0
840000 92.0
850000 96.0
860000 88.0
870000 88.0
880000 84.0
890000 84.0
900000 84.0
910000 76.0
920000 92.0
930000 84.0
940000 76.0
950000 80.0
960000 76.0
970000 80.0
980000 88.0
990000 80.0
1000000 88.0
