-990000 0.0
-980000 16.0
-970000 24.0
-960000 64.0
-950000 52.0
-940000 60.0
-930000 56.0
-920000 44.0
-910000 60.0
-900000 64.0
-890000 72.0
-880000 56.0
-870000 88.0
-860000 72.0
-850000 52.0
-840000 76.0
-830000 48.0
-820000 64.0
-810000 80.0
-800000 68.0
-790000 60.0
-780000 76.0
-770000 64.0
-760000 64.0
-750000 64.0
-740000 60.0
-730000 64.0
-720000 60.0
-710000 68.0
-700000 64.0
-690000 56.0
-680000 68.0
-670000 56.0
-660000 52.0
-650000 68.0
-640000 56.0
-630000 44.0
-620000 68.0
-610000 56.0
-600000 64.0
-590000 48.0
-580000 64.0
-570000 48.0
-560000 72.0
-550000 56.0
-540000 60.0
-530000 40.0
-520000 36.0
-510000 48.0
-500000 40.0
-490000 60.0
-480000 60.0
-470000 40.0
-460000 56.0
-450000 52.0
-440000 72.0
-430000 68.0
-420000 56.0
-410000 64.0
-400000 56.0
-390000 56.0
-380000 52.0
-370000 76.0
-360000 60.0
-350000 64.0
-340000 72.0
-330000 56.0
-320000 80.0
-310000 64.0
-300000 60.0
-290000 52.0
-280000 60.0
-270000 48.0
-260000 72.0
-250000 68.0
-240000 64.0
-230000 72.0
-220000 60.0
-210000 56.0
-200000 72.0
-190000 88.0
-180000 48.0
-170000 60.0
-160000 52.0
-150000 60.0
-140000 64.0
-130000 64.0
-120000 56.0
-110000 52.0
-100000 80.0
-90000 72.0
-80000 64.0
-70000 68.0
-60000 52.0
-50000 52.0
-40000 60.0
-30000 60.0
-20000 68.0
-10000 64.0
0 60.0
10000 60.0
20000 68.0
30000 76.0
40000 72.0
50000 76.0
60000 68.0
70000 68.0
80000 64.0
90000 52.0
100000 60.0
110000 44.0
120000 48.0
130000 84.0
140000 64.0
150000 68.0
160000 72.0
170000 76.0
180000 64.0
190000 72.0
200000 76.0
210000 76.0
220000 72.0
230000 72.0
240000 64.0
250000 36.0
260000 64.0
270000 44.0
280000 56.0
290000 76.0
300000 60.0
310000 48.0
320000 60.0
330000 44.0
340000 44.0
350000 60.0
360000 60.0
370000 84.0
380000 56.0
390000 52.0
400000 60.0
410000 44.0
420000 60.0
430000 68.0
440000 52.0
450000 68.0
460000 40.0
470000 44.0
480000 40.0
490000 36.0
500000 68.0
510000 60.0
520000 48.0
530000 76.0
540000 56.0
550000 76.0
560000 72.0
570000 68.0
580000 64.0
590000 68.0
600000 72.0
610000 64.0
620000 68.0
630000 72.0
640000 80.0
650000 68.0
660000 60.0
670000 52.0
680000 64.0
690000 56.0
700000 48.0
710000 72.0
720000 56.0
730000 52.0
740000 52.0
750000 64.0
760000 56.0
770000 64.0
780000 56.0
790000 64.0
800000 64.0
810000 72.0
820000 80.0
830000 48.0
840000 52.0
850000 60.0
860000 40.0
870000 40.0
880000 40.0
890000 56.0
900000 40.0
910000 60.0
920000 56.0
930000 52.0
940000 76.0
950000 44.0
960000 64.0
970000 56.0
980000 40.0
990000 56.0
1000000 52.0
