-990000 0.0
-980000 0.0
-970000 4.0
-960000 4.0
-950000 20.0
-940000 76.0
-930000 76.0
-920000 84.0
-910000 92.0
-900000 76.0
-890000 84.0
-880000 84.0
-870000 88.0
-860000 84.0
-850000 88.0
-840000 84.0
-830000 80.0
-820000 76.0
-810000 80.0
-800000 92.0
-790000 88.0
-780000 80.0
-770000 68.0
-760000 80.0
-750000 76.0
-740000 76.0
-730000 88.0
-720000 88.0
-710000 72.0
-700000 76.0
-690000 96.0
-680000 80.0
-670000 88.0
-660000 84.0
-650000 84.0
-640000 84.0
-630000 80.0
-620000 88.0
-610000 80.0
-600000 88.0
-590000 84.0
-580000 88.0
-570000 80.0
-560000 88.0
-550000 88.0
-540000 88.0
-530000 92.0
-520000 84.0
-510000 84.0
-500000 84.0
-490000 88.0
-480000 68.0
-470000 84.0
-460000 96.0
-450000 84.0
-440000 88.0
-430000 92.0
-420000 72.0
-410000 80.0
-400000 88.0
-390000 80.0
-380000 96.0
-370000 92.0
-360000 84.0
-350000 76.0
-340000 88.0
-330000 88.0
-320000 84.0
-310000 64.0
-300000 84.0
-290000 96.0
-280000 68.0
-270000 76.0
-260000 76.0
-250000 72.0
-240000 88.0
-230000 80.0
-220000 68.0
-210000 76.0
-200000 72.0
-190000 88.0
-180000 52.0
-170000 100.0
-160000 92.0
-150000 88.0
-140000 84.0
-130000 84.0
-120000 84.0
-110000 96.0
-100000 80.0
-90000 84.0
-80000 80.0
-70000 76.0
-60000 72.0
-50000 88.0
-40000 84.0
-30000 84.0
-20000 72.0
-10000 84.0
0 72.0
10000 84.0
20000 84.0
30000 60.0
40000 52.0
50000 60.0
60000 72.0
70000 64.0
80000 68.0
90000 72.0
100000 72.0
110000 64.0
120000 60.0
130000 60.0
140000 76.0
150000 80.0
160000 84.0
170000 92.0
180000 72.0
190000 88.0
200000 72.0
210000 60.0
220000 72.0
230000 92.0
240000 88.0
250000 92.0
260000 80.0
270000 92.0
280000 80.0
290000 84.0
300000 84.0
310000 84.0
320000 84.0
330000 84.0
340000 80.0
350000 80.0
360000 64.0
370000 84.0
380000 84.0
390000 84.0
400000 84.0
410000 92.0
420000 84.0
430000 80.0
440000 76.0
450000 80.0
460000 76.0
470000 76.0
480000 92.0
490000 88.0
500000 80.0
510000 84.0
520000 80.0
530000 48.0
540000 80.0
550000 80.0
560000 96.0
570000 76.0
580000 84.0
590000 88.0
600000 76.0
610000 76.0
620000 80.0
630000 92.0
640000 84.0
650000 68.0
660000 96.0
670000 76.0
680000 88.0
690000 80.0
700000 92.0
710000 84.0
720000 88.0
730000 92.0
740000 80.0
750000 80.0
760000 76.0
770000 68.0
780000 88.0
790000 76.0
800000 88.0
810000 84.0
820000 84.0
830000 80.0
840000 84.0
850000 92.0
860000 76.0
870000 84.0
880000 88.0
890000 88.0
900000 84.0
910000 84.0
920000 88.0
930000 64.0
940000 80.0
950000 80.0
960000 88.0
970000 92.0
980000 92.0
990000 84.0
1000000 88.0
