-990000 0.0
-980000 0.0
-970000 0.0
-960000 0.0
-950000 0.0
-940000 52.0
-930000 48.0
-920000 60.0
-910000 32.0
-900000 72.0
-890000 68.0
-880000 60.0
-870000 64.0
-860000 76.0
-850000 48.0
-840000 56.0
-830000 76.0
-820000 80.0
-810000 84.0
-800000 96.0
-790000 76.0
-780000 80.0
-770000 80.0
-760000 80.0
-750000 92.0
-740000 80.0
-730000 92.0
-720000 72.0
-710000 92.0
-700000 76.0
-690000 76.0
-680000 84.0
-670000 80.0
-660000 80.0
-650000 84.0
-640000 64.0
-630000 96.0
-620000 84.0
-610000 84.0
-600000 80.0
-590000 100.0
-580000 88.0
-570000 84.0
-560000 92.0
-550000 96.0
-540000 88.0
-530000 84.0
-520000 76.0
-510000 92.0
-500000 76.0
-490000 80.0
-480000 92.0
-470000 84.0
-460000 80.0
-450000 84.0
-440000 76.0
-430000 80.0
-420000 80.0
-410000 100.0
-400000 80.0
-390000 92.0
-380000 84.0
-370000 96.0
-360000 88.0
-350000 88.0
-340000 96.0
-330000 88.0
-320000 92.0
-310000 84.0
-300000 96.0
-290000 56.0
-280000 96.0
-270000 84.0
-260000 92.0
-250000 96.0
-240000 92.0
-230000 76.0
-220000 96.0
-210000 84.0
-200000 88.0
-190000 96.0
-180000 88.0
-170000 92.0
-160000 92.0
-150000 80.0
-140000 92.0
-130000 84.0
-120000 84.0
-110000 96.0
-100000 96.0
-90000 76.0
-80000 96.0
-70000 92.0
-60000 92.0
-50000 96.0
-40000 96.0
-30000 92.0
-20000 92.0
-10000 96.0
0 80.0
10000 96.0
20000 76.0
30000 20.0
40000 36.0
50000 40.0
60000 56.0
70000 88.0
80000 76.0
90000 64.0
100000 76.0
110000 80.0
120000 64.0
130000 52.0
140000 80.0
150000 80.0
160000 72.0
170000 64.0
180000 80.0
190000 64.0
200000 88.0
210000 80.0
220000 92.0
230000 84.0
240000 84.0
250000 88.0
260000 88.0
270000 72.0
280000 88.0
290000 76.0
300000 52.0
310000 64.0
320000 68.0
330000 88.0
340000 84.0
350000 68.0
360000 84.0
370000 92.0
380000 56.0
390000 72.0
400000 80.0
410000 96.0
420000 92.0
430000 88.0
440000 92.0
450000 88.0
460000 80.0
470000 96.0
480000 96.0
490000 88.0
500000 92.0
510000 96.0
520000 100.0
530000 88.0
540000 76.0
550000 96.0
560000 84.0
570000 92.0
580000 96.0
590000 80.0
600000 88.0
610000 92.0
620000 96.0
630000 96.0
640000 100.0
650000 100.0
660000 92.0
670000 88.0
680000 92.0
690000 88.0
700000 96.0
710000 88.0
720000 88.0
730000 100.0
740000 96.0
750000 84.0
760000 84.0
770000 84.0
780000 96.0
790000 92.0
800000 84.0
810000 76.0
820000 92.0
830000 96.0
840000 92.0
850000 76.0
860000 76.0
870000 92.0
880000 92.0
890000 92.0
900000 92.0
910000 88.0
920000 92.0
930000 88.0
940000 92.0
950000 92.0
960000 88.0
970000 96.0
980000 88.0
990000 96.0
1000000 96.0
