-990000 0.0
-980000 16.0
-970000 80.0
-960000 60.0
-950000 52.0
-940000 64.0
-930000 52.0
-920000 48.0
-910000 84.0
-900000 72.0
-890000 64.0
-880000 56.0
-870000 40.0
-860000 68.0
-850000 76.0
-840000 68.0
-830000 56.0
-820000 76.0
-810000 60.0
-800000 48.0
-790000 64.0
-780000 52.0
-770000 72.0
-760000 64.0
-750000 68.0
-740000 64.0
-730000 48.0
-720000 56.0
-710000 72.0
-700000 60.0
-690000 56.0
-680000 52.0
-670000 60.0
-660000 72.0
-650000 68.0
-640000 76.0
-630000 64.0
-620000 52.0
-610000 56.0
-600000 52.0
-590000 76.0
-580000 52.0
-570000 48.0
-560000 48.0
-550000 48.0
-540000 48.0
-530000 76.0
-520000 52.0
-510000 72.0
-500000 40.0
-490000 52.0
-480000 60.0
-470000 64.0
-460000 60.0
-450000 60.0
-440000 56.0
-430000 60.0
-420000 60.0
-410000 52.0
-400000 64.0
-390000 56.0
-380000 80.0
-370000 68.0
-360000 44.0
-350000 68.0
-340000 68.0
-330000 60.0
-320000 80.0
-310000 60.0
-300000 72.0
-290000 68.0
-280000 72.0
-270000 72.0
-260000 68.0
-250000 60.0
-240000 52.0
-230000 76.0
-220000 84.0
-210000 36.0
-200000 32.0
-190000 60.0
-180000 48.0
-170000 52.0
-160000 40.0
-150000 64.0
-140000 64.0
-130000 68.0
-120000 60.0
-110000 48.0
-100000 76.0
-90000 64.0
-80000 56.0
-70000 72.0
-60000 72.0
-50000 68.0
-40000 60.0
-30000 64.0
-20000 56.0
-10000 56.0
0 80.0
10000 60.0
20000 52.0
30000 60.0
40000 72.0
50000 80.0
60000 76.0
70000 68.0
80000 60.0
90000 76.0
100000 60.0
110000 64.0
120000 60.0
130000 56.0
140000 28.0
150000 56.0
160000 56.0
170000 60.0
180000 68.0
190000 56.0
200000 68.0
210000 56.0
220000 56.0
230000 52.0
240000 44.0
250000 32.0
260000 76.0
270000 56.0
280000 48.0
290000 68.0
300000 52.0
310000 52.0
320000 56.0
330000 64.0
340000 72.0
350000 76.0
360000 68.0
370000 52.0
380000 68.0
390000 64.0
400000 64.0
410000 48.0
420000 52.0
430000 80.0
440000 64.0
450000 56.0
460000 64.0
470000 72.0
480000 68.0
490000 68.0
500000 60.0
510000 48.0
520000 56.0
530000 48.0
540000 40.0
550000 36.0
560000 44.0
570000 36.0
580000 28.0
590000 32.0
600000 48.0
610000 64.0
620000 32.0
630000 40.0
640000 36.0
650000 60.0
660000 44.0
670000 40.0
680000 44.0
690000 48.0
700000 32.0
710000 52.0
720000 56.0
730000 60.0
740000 40.0
750000 48.0
760000 52.0
770000 60.0
780000 48.0
790000 40.0
800000 60.0
810000 52.0
820000 56.0
830000 52.0
840000 60.0
850000 64.0
860000 52.0
870000 24.0
880000 12.0
890000 24.0
900000 44.0
910000 48.0
920000 60.0
930000 64.0
940000 48.0
950000 52.0
960000 60.0
970000 28.0
980000 48.0
990000 36.0
1000000 56.0
