-990000 0.0
-980000 0.0
-970000 4.0
-960000 4.0
-950000 32.0
-940000 80.0
-930000 80.0
-920000 96.0
-910000 84.0
-900000 80.0
-890000 84.0
-880000 88.0
-870000 84.0
-860000 80.0
-850000 76.0
-840000 76.0
-830000 76.0
-820000 84.0
-810000 76.0
-800000 80.0
-790000 76.0
-780000 88.0
-770000 84.0
-760000 84.0
-750000 92.0
-740000 84.0
-730000 92.0
-720000 84.0
-710000 84.0
-700000 88.0
-690000 80.0
-680000 96.0
-670000 80.0
-660000 84.0
-650000 84.0
-640000 76.0
-630000 92.0
-620000 92.0
-610000 88.0
-600000 100.0
-590000 88.0
-580000 80.0
-570000 88.0
-560000 84.0
-550000 84.0
-540000 84.0
-530000 92.0
-520000 84.0
-510000 72.0
-500000 92.0
-490000 88.0
-480000 92.0
-470000 84.0
-460000 88.0
-450000 84.0
-440000 60.0
-430000 92.0
-420000 80.0
-410000 76.0
-400000 88.0
-390000 80.0
-380000 92.0
-370000 92.0
-360000 72.0
-350000 84.0
-340000 88.0
-330000 76.0
-320000 72.0
-310000 84.0
-300000 84.0
-290000 84.0
-280000 88.0
-270000 84.0
-260000 84.0
-250000 96.0
-240000 88.0
-230000 80.0
-220000 88.0
-210000 80.0
-200000 92.0
-190000 92.0
-180000 84.0
-170000 80.0
-160000 76.0
-150000 92.0
-140000 92.0
-130000 76.0
-120000 76.0
-110000 76.0
-100000 80.0
-90000 96.0
-80000 92.0
-70000 80.0
-60000 72.0
-50000 84.0
-40000 88.0
-30000 76.0
-20000 80.0
-10000 80.0
0 76.0
10000 80.0
20000 76.0
30000 76.0
40000 64.0
50000 44.0
60000 36.0
70000 64.0
80000 56.0
90000 68.0
100000 72.0
110000 64.0
120000 68.0
130000 76.0
140000 92.0
150000 96.0
160000 84.0
170000 88.0
180000 92.0
190000 88.0
200000 84.0
210000 96.0
220000 76.0
230000 84.0
240000 96.0
250000 84.0
260000 84.0
270000 100.0
280000 76.0
290000 96.0
300000 92.0
310000 88.0
320000 96.0
330000 80.0
340000 52.0
350000 84.0
360000 88.0
370000 88.0
380000 92.0
390000 80.0
400000 96.0
410000 84.0
420000 88.0
430000 88.0
440000 84.0
450000 84.0
460000 76.0
470000 80.0
480000 80.0
490000 80.0
500000 84.0
510000 84.0
520000 76.0
530000 76.0
540000 80.0
550000 84.0
560000 68.0
570000 88.0
580000 76.0
590000 84.0
600000 84.0
610000 80.0
620000 88.0
630000 92.0
640000 80.0
650000 88.0
660000 64.0
670000 88.0
680000 92.0
690000 84.0
700000 92.0
710000 92.0
720000 84.0
730000 84.0
740000 80.0
750000 76.0
760000 68.0
770000 80.0
780000 72.0
790000 80.0
800000 84.0
810000 76.0
820000 80.0
830000 76.0
840000 76.0
850000 80.0
860000 64.0
870000 88.0
880000 84.0
890000 84.0
900000 72.0
910000 96.0
920000 96.0
930000 76.0
940000 88.0
950000 84.0
960000 84.0
970000 84.0
980000 80.0
990000 92.0
1000000 84.0
