-990000 0.0
-980000 0.0
-970000 0.0
-960000 0.0
-950000 0.0
-940000 36.0
-930000 36.0
-920000 60.0
-910000 56.0
-900000 48.0
-890000 76.0
-880000 48.0
-870000 44.0
-860000 52.0
-850000 84.0
-840000 64.0
-830000 76.0
-820000 88.0
-810000 92.0
-800000 88.0
-790000 52.0
-780000 88.0
-770000 72.0
-760000 84.0
-750000 72.0
-740000 88.0
-730000 88.0
-720000 84.0
-710000 92.0
-700000 56.0
-690000 68.0
-680000 84.0
-670000 92.0
-660000 88.0
-650000 80.0
-640000 80.0
-630000 88.0
-620000 84.0
-610000 88.0
-600000 84.0
-590000 88.0
-580000 80.0
-570000 80.0
-560000 88.0
-550000 72.0
-540000 68.0
-530000 96.0
-520000 84.0
-510000 84.0
-500000 76.0
-490000 88.0
-480000 96.0
-470000 80.0
-460000 100.0
-450000 92.0
-440000 88.0
-430000 88.0
-420000 80.0
-410000 84.0
-400000 72.0
-390000 80.0
-380000 84.0
-370000 80.0
-360000 80.0
-350000 88.0
-340000 100.0
-330000 88.0
-320000 76.0
-310000 96.0
-300000 92.0
-290000 92.0
-280000 88.0
-270000 84.0
-260000 80.0
-250000 96.0
-240000 84.0
-230000 92.0
-220000 84.0
-210000 100.0
-200000 92.0
-190000 96.0
-180000 96.0
-170000 100.0
-160000 92.0
-150000 88.0
-140000 96.0
-130000 92.0
-120000 84.0
-110000 96.0
-100000 80.0
-90000 96.0
-80000 96.0
-70000 84.0
-60000 84.0
-50000 88.0
-40000 88.0
-30000 96.0
-20000 100.0
-10000 96.0
0 88.0
10000 84.0
20000 68.0
30000 20.0
40000 68.0
50000 84.0
60000 28.0
70000 68.0
80000 84.0
90000 52.0
100000 68.0
110000 60.0
120000 40.0
130000 76.0
140000 72.0
150000 92.0
160000 68.0
170000 44.0
180000 56.0
190000 60.0
200000 84.0
210000 80.0
220000 88.0
230000 84.0
240000 88.0
250000 88.0
260000 88.0
270000 84.0
280000 84.0
290000 96.0
300000 72.0
310000 76.0
320000 88.0
330000 92.0
340000 88.0
350000 92.0
360000 88.0
370000 80.0
380000 100.0
390000 80.0
400000 84.0
410000 92.0
420000 92.0
430000 96.0
440000 80.0
450000 88.0
460000 84.0
470000 92.0
480000 92.0
490000 100.0
500000 96.0
510000 100.0
520000 92.0
530000 96.0
540000 96.0
550000 96.0
560000 96.0
570000 88.0
580000 100.0
590000 80.0
600000 92.0
610000 84.0
620000 84.0
630000 84.0
640000 92.0
650000 88.0
660000 92.0
670000 80.0
680000 92.0
690000 88.0
700000 80.0
710000 92.0
720000 84.0
730000 76.0
740000 96.0
750000 96.0
760000 92.0
770000 92.0
780000 96.0
790000 88.0
800000 92.0
810000 96.0
820000 96.0
830000 96.0
840000 88.0
850000 88.0
860000 96.0
870000 80.0
880000 92.0
890000 92.0
900000 84.0
910000 92.0
920000 88.0
930000 88.0
940000 96.0
950000 88.0
960000 88.0
970000 92.0
980000 88.0
990000 92.0
1000000 100.0
