-990000 0.0
-980000 0.0
-970000 4.0
-960000 4.0
-950000 20.0
-940000 76.0
-930000 84.0
-920000 80.0
-910000 80.0
-900000 72.0
-890000 72.0
-880000 76.0
-870000 72.0
-860000 96.0
-850000 84.0
-840000 84.0
-830000 84.0
-820000 84.0
-810000 88.0
-800000 76.0
-790000 84.0
-780000 88.0
-770000 88.0
-760000 80.0
-750000 72.0
-740000 96.0
-730000 92.0
-720000 88.0
-710000 80.0
-700000 76.0
-690000 84.0
-680000 88.0
-670000 80.0
-660000 80.0
-650000 80.0
-640000 96.0
-630000 92.0
-620000 88.0
-610000 84.0
-600000 88.0
-590000 84.0
-580000 96.0
-570000 84.0
-560000 80.0
-550000 84.0
-540000 80.0
-530000 88.0
-520000 92.0
-510000 72.0
-500000 96.0
-490000 80.0
-480000 68.0
-470000 76.0
-460000 84.0
-450000 80.0
-440000 88.0
-430000 88.0
-420000 76.0
-410000 92.0
-400000 84.0
-390000 88.0
-380000 76.0
-370000 80.0
-360000 60.0
-350000 76.0
-340000 76.0
-330000 72.0
-320000 80.0
-310000 88.0
-300000 84.0
-290000 84.0
-280000 84.0
-270000 96.0
-260000 92.0
-250000 84.0
-240000 84.0
-230000 84.0
-220000 92.0
-210000 80.0
-200000 80.0
-190000 92.0
-180000 84.0
-170000 84.0
-160000 60.0
-150000 92.0
-140000 72.0
-130000 72.0
-120000 84.0
-110000 72.0
-100000 84.0
-90000 72.0
-80000 88.0
-70000 76.0
-60000 84.0
-50000 92.0
-40000 84.0
-30000 76.0
-20000 76.0
-10000 88.0
0 76.0
10000 84.0
20000 72.0
30000 80.0
40000 84.0
50000 76.0
60000 76.0
70000 72.0
80000 80.0
90000 76.0
100000 76.0
110000 64.0
120000 92.0
130000 72.0
140000 76.0
150000 84.0
160000 76.0
170000 88.0
180000 72.0
190000 80.0
200000 68.0
210000 72.0
220000 80.0
230000 68.0
240000 76.0
250000 80.0
260000 100.0
270000 72.0
280000 80.0
290000 88.0
300000 56.0
310000 80.0
320000 92.0
330000 80.0
340000 72.0
350000 88.0
360000 88.0
370000 80.0
380000 80.0
390000 76.0
400000 84.0
410000 88.0
420000 96.0
430000 84.0
440000 88.0
450000 84.0
460000 84.0
470000 84.0
480000 76.0
490000 80.0
500000 96.0
510000 92.0
520000 88.0
530000 80.0
540000 84.0
550000 80.0
560000 76.0
570000 72.0
580000 88.0
590000 80.0
600000 80.0
610000 88.0
620000 76.0
630000 72.0
640000 80.0
650000 88.0
660000 84.0
670000 88.0
680000 88.0
690000 88.0
700000 88.0
710000 68.0
720000 88.0
730000 80.0
740000 80.0
750000 68.0
760000 92.0
770000 84.0
780000 100.0
790000 80.0
800000 84.0
810000 84.0
820000 68.0
830000 80.0
840000 84.0
850000 96.0
860000 76.0
870000 84.0
880000 92.0
890000 88.0
900000 88.0
910000 96.0
920000 84.0
930000 76.0
940000 92.0
950000 80.0
960000 80.0
970000 92.0
980000 76.0
990000 92.0
1000000 76.0
