-990000 0.0
-980000 0.0
-970000 0.0
-960000 4.0
-950000 4.0
-940000 36.0
-930000 40.0
-920000 52.0
-910000 64.0
-900000 60.0
-890000 72.0
-880000 56.0
-870000 60.0
-860000 84.0
-850000 72.0
-840000 64.0
-830000 64.0
-820000 84.0
-810000 76.0
-800000 72.0
-790000 64.0
-780000 76.0
-770000 76.0
-760000 76.0
-750000 80.0
-740000 84.0
-730000 72.0
-720000 84.0
-710000 100.0
-700000 72.0
-690000 96.0
-680000 72.0
-670000 88.0
-660000 84.0
-650000 88.0
-640000 80.0
-630000 88.0
-620000 72.0
-610000 88.0
-600000 92.0
-590000 80.0
-580000 92.0
-570000 88.0
-560000 92.0
-550000 88.0
-540000 76.0
-530000 88.0
-520000 68.0
-510000 88.0
-500000 80.0
-490000 88.0
-480000 100.0
-470000 88.0
-460000 88.0
-450000 80.0
-440000 84.0
-430000 92.0
-420000 72.0
-410000 100.0
-400000 88.0
-390000 80.0
-380000 92.0
-370000 96.0
-360000 80.0
-350000 96.0
-340000 92.0
-330000 84.0
-320000 96.0
-310000 88.0
-300000 88.0
-290000 80.0
-280000 92.0
-270000 92.0
-260000 96.0
-250000 92.0
-240000 84.0
-230000 92.0
-220000 92.0
-210000 96.0
-200000 88.0
-190000 96.0
-180000 84.0
-170000 84.0
-160000 92.0
-150000 84.0
-140000 100.0
-130000 96.0
-120000 88.0
-110000 96.0
-100000 84.0
-90000 80.0
-80000 92.0
-70000 84.0
-60000 96.0
-50000 88.0
-40000 96.0
-30000 96.0
-20000 92.0
-10000 92.0
0 92.0
10000 92.0
20000 72.0
30000 16.0
40000 44.0
50000 80.0
60000 88.0
70000 68.0
80000 92.0
90000 72.0
100000 36.0
110000 96.0
120000 88.0
130000 88.0
140000 80.0
150000 84.0
160000 100.0
170000 80.0
180000 80.0
190000 88.0
200000 84.0
210000 92.0
220000 76.0
230000 84.0
240000 88.0
250000 84.0
260000 88.0
270000 88.0
280000 92.0
290000 96.0
300000 88.0
310000 96.0
320000 100.0
330000 88.0
340000 88.0
350000 96.0
360000 84.0
370000 92.0
380000 92.0
390000 88.0
400000 100.0
410000 84.0
420000 96.0
430000 96.0
440000 84.0
450000 84.0
460000 100.0
470000 92.0
480000 100.0
490000 80.0
500000 96.0
510000 80.0
520000 80.0
530000 96.0
540000 100.0
550000 88.0
560000 96.0
570000 76.0
580000 92.0
590000 100.0
600000 100.0
610000 100.0
620000 92.0
630000 96.0
640000 92.0
650000 92.0
660000 84.0
670000 92.0
680000 96.0
690000 96.0
700000 84.0
710000 96.0
720000 92.0
730000 92.0
740000 92.0
750000 92.0
760000 96.0
770000 96.0
780000 88.0
790000 88.0
800000 80.0
810000 92.0
820000 88.0
830000 92.0
840000 100.0
850000 84.0
860000 100.0
870000 88.0
880000 96.0
890000 96.0
900000 100.0
910000 84.0
920000 88.0
930000 84.0
940000 96.0
950000 92.0
960000 92.0
970000 96.0
980000 100.0
990000 84.0
1000000 92.0
