-990000 0.0
-980000 0.0
-970000 0.0
-960000 0.0
-950000 4.0
-940000 48.0
-930000 56.0
-920000 56.0
-910000 76.0
-900000 68.0
-890000 76.0
-880000 76.0
-870000 56.0
-860000 64.0
-850000 84.0
-840000 52.0
-830000 76.0
-820000 76.0
-810000 72.0
-800000 92.0
-790000 60.0
-780000 88.0
-770000 80.0
-760000 80.0
-750000 60.0
-740000 92.0
-730000 84.0
-720000 96.0
-710000 92.0
-700000 68.0
-690000 76.0
-680000 84.0
-670000 80.0
-660000 80.0
-650000 88.0
-640000 96.0
-630000 84.0
-620000 80.0
-610000 100.0
-600000 88.0
-590000 72.0
-580000 92.0
-570000 96.0
-560000 80.0
-550000 92.0
-540000 84.0
-530000 92.0
-520000 76.0
-510000 96.0
-500000 68.0
-490000 96.0
-480000 88.0
-470000 88.0
-460000 88.0
-450000 92.0
-440000 76.0
-430000 92.0
-420000 80.0
-410000 92.0
-400000 92.0
-390000 88.0
-380000 92.0
-370000 84.0
-360000 88.0
-350000 84.0
-340000 92.0
-330000 92.0
-320000 80.0
-310000 88.0
-300000 80.0
-290000 92.0
-280000 88.0
-270000 92.0
-260000 88.0
-250000 92.0
-240000 80.0
-230000 96.0
-220000 92.0
-210000 96.0
-200000 92.0
-190000 92.0
-180000 92.0
-170000 84.0
-160000 92.0
-150000 80.0
-140000 92.0
-130000 84.0
-120000 92.0
-110000 88.0
-100000 92.0
-90000 84.0
-80000 92.0
-70000 96.0
-60000 92.0
-50000 84.0
-40000 100.0
-30000 96.0
-20000 88.0
-10000 88.0
0 100.0
10000 84.0
20000 96.0
30000 48.0
40000 36.0
50000 80.0
60000 40.0
70000 92.0
80000 80.0
90000 80.0
100000 56.0
110000 60.0
120000 88.0
130000 88.0
140000 80.0
150000 88.0
160000 68.0
170000 56.0
180000 84.0
190000 84.0
200000 72.0
210000 36.0
220000 84.0
230000 80.0
240000 80.0
250000 92.0
260000 92.0
270000 80.0
280000 92.0
290000 96.0
300000 92.0
310000 92.0
320000 88.0
330000 84.0
340000 92.0
350000 92.0
360000 84.0
370000 88.0
380000 84.0
390000 80.0
400000 88.0
410000 88.0
420000 88.0
430000 88.0
440000 88.0
450000 96.0
460000 96.0
470000 96.0
480000 96.0
490000 92.0
500000 92.0
510000 80.0
520000 92.0
530000 92.0
540000 92.0
550000 96.0
560000 80.0
570000 92.0
580000 100.0
590000 96.0
600000 88.0
610000 96.0
620000 100.0
630000 96.0
640000 96.0
650000 100.0
660000 84.0
670000 96.0
680000 96.0
690000 84.0
700000 84.0
710000 88.0
720000 84.0
730000 96.0
740000 80.0
750000 92.0
760000 88.0
770000 96.0
780000 84.0
790000 96.0
800000 96.0
810000 96.0
820000 100.0
830000 96.0
840000 92.0
850000 92.0
860000 100.0
870000 80.0
880000 88.0
890000 84.0
900000 84.0
910000 92.0
920000 84.0
930000 100.0
940000 96.0
950000 84.0
960000 92.0
970000 96.0
980000 92.0
990000 100.0
1000000 96.0
