-990000 0.0
-980000 0.0
-970000 0.0
-960000 4.0
-950000 0.0
-940000 48.0
-930000 60.0
-920000 48.0
-910000 44.0
-900000 76.0
-890000 80.0
-880000 56.0
-870000 56.0
-860000 60.0
-850000 72.0
-840000 44.0
-830000 84.0
-820000 84.0
-810000 76.0
-800000 92.0
-790000 68.0
-780000 80.0
-770000 92.0
-760000 76.0
-750000 72.0
-740000 88.0
-730000 80.0
-720000 48.0
-710000 88.0
-700000 88.0
-690000 88.0
-680000 80.0
-670000 80.0
-660000 68.0
-650000 88.0
-640000 80.0
-630000 100.0
-620000 72.0
-610000 92.0
-600000 96.0
-590000 72.0
-580000 72.0
-570000 96.0
-560000 72.0
-550000 80.0
-540000 76.0
-530000 84.0
-520000 80.0
-510000 100.0
-500000 76.0
-490000 72.0
-480000 76.0
-470000 80.0
-460000 100.0
-450000 92.0
-440000 80.0
-430000 76.0
-420000 92.0
-410000 84.0
-400000 88.0
-390000 88.0
-380000 96.0
-370000 96.0
-360000 84.0
-350000 100.0
-340000 88.0
-330000 84.0
-320000 92.0
-310000 92.0
-300000 68.0
-290000 84.0
-280000 88.0
-270000 72.0
-260000 92.0
-250000 92.0
-240000 76.0
-230000 80.0
-220000 92.0
-210000 92.0
-200000 80.0
-190000 96.0
-180000 92.0
-170000 92.0
-160000 88.0
-150000 96.0
-140000 96.0
-130000 88.0
-120000 100.0
-110000 88.0
-100000 92.0
-90000 88.0
-80000 92.0
-70000 92.0
-60000 96.0
-50000 92.0
-40000 96.0
-30000 96.0
-20000 96.0
-10000 96.0
0 80.0
10000 92.0
20000 88.0
30000 80.0
40000 72.0
50000 88.0
60000 88.0
70000 84.0
80000 96.0
90000 88.0
100000 92.0
110000 84.0
120000 80.0
130000 88.0
140000 100.0
150000 84.0
160000 84.0
170000 88.0
180000 80.0
190000 92.0
200000 92.0
210000 88.0
220000 88.0
230000 88.0
240000 88.0
250000 88.0
260000 92.0
270000 96.0
280000 84.0
290000 92.0
300000 76.0
310000 76.0
320000 92.0
330000 84.0
340000 100.0
350000 84.0
360000 88.0
370000 72.0
380000 84.0
390000 92.0
400000 84.0
410000 88.0
420000 92.0
430000 88.0
440000 68.0
450000 92.0
460000 92.0
470000 92.0
480000 92.0
490000 72.0
500000 92.0
510000 96.0
520000 84.0
530000 92.0
540000 84.0
550000 88.0
560000 80.0
570000 92.0
580000 88.0
590000 92.0
600000 92.0
610000 92.0
620000 84.0
630000 88.0
640000 88.0
650000 84.0
660000 84.0
670000 84.0
680000 100.0
690000 84.0
700000 96.0
710000 84.0
720000 92.0
730000 92.0
740000 92.0
750000 88.0
760000 84.0
770000 80.0
780000 96.0
790000 96.0
800000 76.0
810000 92.0
820000 84.0
830000 88.0
840000 92.0
850000 80.0
860000 88.0
870000 88.0
880000 100.0
890000 92.0
900000 92.0
910000 80.0
920000 84.0
930000 88.0
940000 80.0
950000 80.0
960000 88.0
970000 96.0
980000 96.0
990000 80.0
1000000 76.0
