-990000 0.0
-980000 0.0
-970000 0.0
-960000 0.0
-950000 24.0
-940000 84.0
-930000 72.0
-920000 80.0
-910000 84.0
-900000 72.0
-890000 80.0
-880000 84.0
-870000 92.0
-860000 84.0
-850000 84.0
-840000 92.0
-830000 76.0
-820000 84.0
-810000 72.0
-800000 72.0
-790000 68.0
-780000 88.0
-770000 84.0
-760000 84.0
-750000 100.0
-740000 84.0
-730000 76.0
-720000 72.0
-710000 88.0
-700000 80.0
-690000 80.0
-680000 72.0
-670000 72.0
-660000 80.0
-650000 72.0
-640000 80.0
-630000 84.0
-620000 88.0
-610000 80.0
-600000 92.0
-590000 92.0
-580000 80.0
-570000 80.0
-560000 80.0
-550000 84.0
-540000 92.0
-530000 80.0
-520000 80.0
-510000 88.0
-500000 84.0
-490000 88.0
-480000 92.0
-470000 76.0
-460000 88.0
-450000 68.0
-440000 84.0
-430000 88.0
-420000 88.0
-410000 92.0
-400000 92.0
-390000 84.0
-380000 84.0
-370000 88.0
-360000 76.0
-350000 76.0
-340000 84.0
-330000 92.0
-320000 84.0
-310000 72.0
-300000 68.0
-290000 92.0
-280000 88.0
-270000 92.0
-260000 76.0
-250000 84.0
-240000 88.0
-230000 92.0
-220000 64.0
-210000 72.0
-200000 88.0
-190000 76.0
-180000 84.0
-170000 88.0
-160000 80.0
-150000 76.0
-140000 72.0
-130000 88.0
-120000 84.0
-110000 84.0
-100000 84.0
-90000 76.0
-80000 76.0
-70000 76.0
-60000 92.0
-50000 76.0
-40000 68.0
-30000 88.0
-20000 80.0
-10000 76.0
0 76.0
10000 80.0
20000 80.0
30000 80.0
40000 72.0
50000 76.0
60000 80.0
70000 84.0
80000 88.0
90000 76.0
100000 84.0
110000 72.0
120000 48.0
130000 72.0
140000 68.0
150000 76.0
160000 68.0
170000 88.0
180000 80.0
190000 84.0
200000 76.0
210000 80.0
220000 96.0
230000 88.0
240000 84.0
250000 84.0
260000 88.0
270000 88.0
280000 84.0
290000 100.0
300000 84.0
310000 92.0
320000 88.0
330000 80.0
340000 72.0
350000 100.0
360000 88.0
370000 88.0
380000 100.0
390000 68.0
400000 80.0
410000 92.0
420000 92.0
430000 80.0
440000 76.0
450000 68.0
460000 88.0
470000 88.0
480000 68.0
490000 84.0
500000 88.0
510000 84.0
520000 84.0
530000 84.0
540000 80.0
550000 96.0
560000 84.0
570000 88.0
580000 84.0
590000 88.0
600000 80.0
610000 84.0
620000 84.0
630000 76.0
640000 88.0
650000 76.0
660000 80.0
670000 76.0
680000 64.0
690000 88.0
700000 80.0
710000 84.0
720000 68.0
730000 80.0
740000 88.0
750000 84.0
760000 88.0
770000 88.0
780000 80.0
790000 84.0
800000 92.0
810000 96.0
820000 84.0
830000 80.0
840000 92.0
850000 84.0
860000 76.0
870000 84.0
880000 92.0
890000 84.0
900000 96.0
910000 92.0
920000 72.0
930000 80.0
940000 76.0
950000 88.0
960000 84.0
970000 72.0
980000 76.0
990000 84.0
1000000 72.0
