-990000 0.0
-980000 0.0
-970000 4.0
-960000 0.0
-950000 24.0
-940000 84.0
-930000 88.0
-920000 76.0
-910000 72.0
-900000 84.0
-890000 88.0
-880000 60.0
-870000 80.0
-860000 92.0
-850000 84.0
-840000 84.0
-830000 84.0
-820000 84.0
-810000 76.0
-800000 64.0
-790000 80.0
-780000 84.0
-770000 80.0
-760000 68.0
-750000 80.0
-740000 92.0
-730000 76.0
-720000 80.0
-710000 84.0
-700000 76.0
-690000 80.0
-680000 80.0
-670000 84.0
-660000 80.0
-650000 64.0
-640000 80.0
-630000 84.0
-620000 76.0
-610000 92.0
-600000 80.0
-590000 80.0
-580000 96.0
-570000 80.0
-560000 88.0
-550000 88.0
-540000 88.0
-530000 92.0
-520000 88.0
-510000 84.0
-500000 88.0
-490000 96.0
-480000 80.0
-470000 80.0
-460000 76.0
-450000 84.0
-440000 88.0
-430000 80.0
-420000 84.0
-410000 84.0
-400000 84.0
-390000 84.0
-380000 72.0
-370000 80.0
-360000 80.0
-350000 88.0
-340000 92.0
-330000 88.0
-320000 88.0
-310000 72.0
-300000 88.0
-290000 68.0
-280000 88.0
-270000 84.0
-260000 76.0
-250000 96.0
-240000 80.0
-230000 84.0
-220000 88.0
-210000 92.0
-200000 80.0
-190000 76.0
-180000 76.0
-170000 76.0
-160000 84.0
-150000 92.0
-140000 80.0
-130000 80.0
-120000 92.0
-110000 84.0
-100000 88.0
-90000 76.0
-80000 68.0
-70000 72.0
-60000 88.0
-50000 92.0
-40000 80.0
-30000 84.0
-20000 64.0
-10000 84.0
0 80.0
10000 72.0
20000 80.0
30000 84.0
40000 80.0
50000 88.0
60000 28.0
70000 52.0
80000 56.0
90000 40.0
100000 76.0
110000 48.0
120000 80.0
130000 60.0
140000 52.0
150000 40.0
160000 80.0
170000 64.0
180000 68.0
190000 72.0
200000 80.0
210000 80.0
220000 84.0
230000 84.0
240000 84.0
250000 80.0
260000 88.0
270000 72.0
280000 96.0
290000 80.0
300000 76.0
310000 80.0
320000 80.0
330000 80.0
340000 72.0
350000 84.0
360000 64.0
370000 80.0
380000 76.0
390000 92.0
400000 80.0
410000 80.0
420000 72.0
430000 88.0
440000 84.0
450000 64.0
460000 76.0
470000 72.0
480000 80.0
490000 84.0
500000 88.0
510000 88.0
520000 80.0
530000 92.0
540000 84.0
550000 68.0
560000 72.0
570000 84.0
580000 80.0
590000 80.0
600000 76.0
610000 84.0
620000 72.0
630000 88.0
640000 84.0
650000 80.0
660000 88.0
670000 60.0
680000 64.0
690000 76.0
700000 68.0
710000 84.0
720000 84.0
730000 88.0
740000 88.0
750000 76.0
760000 72.0
770000 80.0
780000 84.0
790000 88.0
800000 68.0
810000 92.0
820000 80.0
830000 84.0
840000 72.0
850000 88.0
860000 76.0
870000 92.0
880000 92.0
890000 68.0
900000 84.0
910000 84.0
920000 72.0
930000 96.0
940000 84.0
950000 92.0
960000 84.0
970000 80.0
980000 72.0
990000 80.0
1000000 100.0
