-990000 0.0
-980000 12.0
-970000 44.0
-960000 56.0
-950000 68.0
-940000 52.0
-930000 56.0
-920000 72.0
-910000 60.0
-900000 72.0
-890000 60.0
-880000 56.0
-870000 68.0
-860000 60.0
-850000 64.0
-840000 68.0
-830000 56.0
-820000 72.0
-810000 68.0
-800000 68.0
-790000 64.0
-780000 44.0
-770000 76.0
-760000 56.0
-750000 76.0
-740000 64.0
-730000 64.0
-720000 56.0
-710000 72.0
-700000 68.0
-690000 72.0
-680000 48.0
-670000 52.0
-660000 72.0
-650000 60.0
-640000 60.0
-630000 60.0
-620000 64.0
-610000 60.0
-600000 60.0
-590000 64.0
-580000 60.0
-570000 72.0
-560000 40.0
-550000 56.0
-540000 44.0
-530000 68.0
-520000 52.0
-510000 68.0
-500000 56.0
-490000 72.0
-480000 52.0
-470000 60.0
-460000 64.0
-450000 68.0
-440000 52.0
-430000 60.0
-420000 76.0
-410000 72.0
-400000 48.0
-390000 72.0
-380000 60.0
-370000 64.0
-360000 48.0
-350000 60.0
-340000 48.0
-330000 52.0
-320000 76.0
-310000 60.0
-300000 60.0
-290000 64.0
-280000 52.0
-270000 80.0
-260000 92.0
-250000 52.0
-240000 80.0
-230000 80.0
-220000 80.0
-210000 72.0
-200000 68.0
-190000 52.0
-180000 40.0
-170000 72.0
-160000 52.0
-150000 72.0
-140000 60.0
-130000 48.0
-120000 48.0
-110000 44.0
-100000 56.0
-90000 48.0
-80000 56.0
-70000 52.0
-60000 60.0
-50000 76.0
-40000 60.0
-30000 72.0
-20000 40.0
-10000 56.0
0 60.0
10000 56.0
20000 72.0
30000 56.0
40000 68.0
50000 44.0
60000 60.0
70000 72.0
80000 68.0
90000 60.0
100000 76.0
110000 60.0
120000 28.0
130000 44.0
140000 44.0
150000 56.0
160000 52.0
170000 44.0
180000 48.0
190000 36.0
200000 56.0
210000 48.0
220000 72.0
230000 48.0
240000 60.0
250000 60.0
260000 44.0
270000 36.0
280000 44.0
290000 36.0
300000 64.0
310000 88.0
320000 52.0
330000 40.0
340000 40.0
350000 52.0
360000 48.0
370000 56.0
380000 92.0
390000 52.0
400000 60.0
410000 60.0
420000 64.0
430000 64.0
440000 60.0
450000 56.0
460000 48.0
470000 84.0
480000 80.0
490000 52.0
500000 56.0
510000 56.0
520000 68.0
530000 52.0
540000 40.0
550000 76.0
560000 68.0
570000 60.0
580000 68.0
590000 68.0
600000 56.0
610000 64.0
620000 60.0
630000 72.0
640000 72.0
650000 68.0
660000 72.0
670000 80.0
680000 56.0
690000 68.0
700000 68.0
710000 48.0
720000 68.0
730000 60.0
740000 64.0
750000 64.0
760000 68.0
770000 52.0
780000 64.0
790000 52.0
800000 56.0
810000 64.0
820000 80.0
830000 64.0
840000 68.0
850000 60.0
860000 72.0
870000 28.0
880000 56.0
890000 52.0
900000 44.0
910000 60.0
920000 72.0
930000 40.0
940000 52.0
950000 68.0
960000 60.0
970000 52.0
980000 56.0
990000 60.0
1000000 60.0
