-990000 0.0
-980000 0.0
-970000 0.0
-960000 20.0
-950000 28.0
-940000 76.0
-930000 84.0
-920000 88.0
-910000 84.0
-900000 92.0
-890000 76.0
-880000 84.0
-870000 84.0
-860000 80.0
-850000 84.0
-840000 92.0
-830000 76.0
-820000 76.0
-810000 76.0
-800000 72.0
-790000 76.0
-780000 76.0
-770000 88.0
-760000 80.0
-750000 76.0
-740000 76.0
-730000 92.0
-720000 92.0
-710000 84.0
-700000 84.0
-690000 88.0
-680000 80.0
-670000 80.0
-660000 88.0
-650000 88.0
-640000 76.0
-630000 88.0
-620000 80.0
-610000 84.0
-600000 84.0
-590000 80.0
-580000 88.0
-570000 92.0
-560000 88.0
-550000 76.0
-540000 84.0
-530000 80.0
-520000 84.0
-510000 84.0
-500000 84.0
-490000 68.0
-480000 88.0
-470000 92.0
-460000 88.0
-450000 92.0
-440000 84.0
-430000 84.0
-420000 96.0
-410000 84.0
-400000 88.0
-390000 84.0
-380000 84.0
-370000 84.0
-360000 72.0
-350000 84.0
-340000 88.0
-330000 76.0
-320000 88.0
-310000 76.0
-300000 84.0
-290000 80.0
-280000 88.0
-270000 80.0
-260000 84.0
-250000 88.0
-240000 76.0
-230000 84.0
-220000 76.0
-210000 76.0
-200000 92.0
-190000 76.0
-180000 84.0
-170000 80.0
-160000 84.0
-150000 80.0
-140000 72.0
-130000 92.0
-120000 92.0
-110000 84.0
-100000 76.0
-90000 68.0
-80000 72.0
-70000 72.0
-60000 96.0
-50000 72.0
-40000 88.0
-30000 92.0
-20000 92.0
-10000 84.0
0 68.0
10000 88.0
20000 92.0
30000 48.0
40000 84.0
50000 48.0
60000 52.0
70000 72.0
80000 88.0
90000 80.0
100000 80.0
110000 80.0
120000 84.0
130000 88.0
140000 84.0
150000 88.0
160000 84.0
170000 80.0
180000 88.0
190000 84.0
200000 88.0
210000 84.0
220000 80.0
230000 92.0
240000 88.0
250000 92.0
260000 92.0
270000 92.0
280000 68.0
290000 92.0
300000 88.0
310000 80.0
320000 72.0
330000 88.0
340000 84.0
350000 92.0
360000 80.0
370000 80.0
380000 72.0
390000 84.0
400000 84.0
410000 92.0
420000 84.0
430000 88.0
440000 92.0
450000 76.0
460000 88.0
470000 84.0
480000 88.0
490000 88.0
500000 88.0
510000 92.0
520000 88.0
530000 88.0
540000 72.0
550000 80.0
560000 92.0
570000 92.0
580000 84.0
590000 72.0
600000 88.0
610000 80.0
620000 84.0
630000 88.0
640000 72.0
650000 88.0
660000 84.0
670000 92.0
680000 92.0
690000 84.0
700000 72.0
710000 80.0
720000 64.0
730000 76.0
740000 80.0
750000 84.0
760000 88.0
770000 80.0
780000 76.0
790000 84.0
800000 96.0
810000 84.0
820000 88.0
830000 88.0
840000 80.0
850000 76.0
860000 80.0
870000 100.0
880000 92.0
890000 84.0
900000 92.0
910000 100.0
920000 88.0
930000 88.0
940000 80.0
950000 84.0
960000 80.0
970000 84.0
980000 84.0
990000 84.0
1000000 88.0
