-990000 0.0
-980000 0.0
-970000 0.0
-960000 4.0
-950000 0.0
-940000 32.0
-930000 36.0
-920000 48.0
-910000 44.0
-900000 64.0
-890000 68.0
-880000 64.0
-870000 40.0
-860000 68.0
-850000 72.0
-840000 52.0
-830000 72.0
-820000 84.0
-810000 88.0
-800000 88.0
-790000 80.0
-780000 100.0
-770000 84.0
-760000 84.0
-750000 88.0
-740000 92.0
-730000 80.0
-720000 84.0
-710000 84.0
-700000 84.0
-690000 72.0
-680000 84.0
-670000 88.0
-660000 92.0
-650000 76.0
-640000 80.0
-630000 88.0
-620000 84.0
-610000 88.0
-600000 76.0
-590000 68.0
-580000 92.0
-570000 92.0
-560000 92.0
-550000 96.0
-540000 72.0
-530000 88.0
-520000 88.0
-510000 84.0
-500000 88.0
-490000 84.0
-480000 92.0
-470000 92.0
-460000 96.0
-450000 92.0
-440000 84.0
-430000 92.0
-420000 80.0
-410000 100.0
-400000 92.0
-390000 92.0
-380000 92.0
-370000 96.0
-360000 88.0
-350000 88.0
-340000 92.0
-330000 84.0
-320000 72.0
-310000 96.0
-300000 88.0
-290000 92.0
-280000 84.0
-270000 80.0
-260000 84.0
-250000 96.0
-240000 60.0
-230000 80.0
-220000 84.0
-210000 84.0
-200000 80.0
-190000 100.0
-180000 92.0
-170000 96.0
-160000 92.0
-150000 84.0
-140000 100.0
-130000 96.0
-120000 88.0
-110000 80.0
-100000 84.0
-90000 92.0
-80000 76.0
-70000 96.0
-60000 88.0
-50000 84.0
-40000 84.0
-30000 96.0
-20000 88.0
-10000 92.0
0 84.0
10000 80.0
20000 72.0
30000 88.0
40000 76.0
50000 88.0
60000 80.0
70000 88.0
80000 88.0
90000 80.0
100000 60.0
110000 48.0
120000 72.0
130000 68.0
140000 92.0
150000 88.0
160000 84.0
170000 84.0
180000 68.0
190000 96.0
200000 80.0
210000 52.0
220000 88.0
230000 96.0
240000 84.0
250000 96.0
260000 92.0
270000 92.0
280000 100.0
290000 72.0
300000 96.0
310000 88.0
320000 88.0
330000 92.0
340000 92.0
350000 96.0
360000 92.0
370000 80.0
380000 92.0
390000 92.0
400000 84.0
410000 96.0
420000 92.0
430000 100.0
440000 92.0
450000 88.0
460000 68.0
470000 100.0
480000 76.0
490000 92.0
500000 88.0
510000 96.0
520000 84.0
530000 92.0
540000 92.0
550000 92.0
560000 72.0
570000 92.0
580000 84.0
590000 96.0
600000 88.0
610000 88.0
620000 84.0
630000 96.0
640000 92.0
650000 88.0
660000 100.0
670000 76.0
680000 96.0
690000 100.0
700000 92.0
710000 100.0
720000 96.0
730000 88.0
740000 96.0
750000 88.0
760000 96.0
770000 92.0
780000 96.0
790000 92.0
800000 100.0
810000 80.0
820000 88.0
830000 100.0
840000 88.0
850000 88.0
860000 96.0
870000 80.0
880000 96.0
890000 88.0
900000 92.0
910000 92.0
920000 96.0
930000 96.0
940000 80.0
950000 84.0
960000 100.0
970000 100.0
980000 100.0
990000 92.0
1000000 92.0
