-990000 0.0
-980000 0.0
-970000 0.0
-960000 0.0
-950000 4.0
-940000 44.0
-930000 52.0
-920000 60.0
-910000 68.0
-900000 60.0
-890000 76.0
-880000 64.0
-870000 52.0
-860000 68.0
-850000 72.0
-840000 60.0
-830000 76.0
-820000 96.0
-810000 80.0
-800000 84.0
-790000 76.0
-780000 92.0
-770000 92.0
-760000 80.0
-750000 76.0
-740000 88.0
-730000 92.0
-720000 64.0
-710000 92.0
-700000 68.0
-690000 80.0
-680000 80.0
-670000 80.0
-660000 80.0
-650000 72.0
-640000 84.0
-630000 80.0
-620000 84.0
-610000 96.0
-600000 76.0
-590000 88.0
-580000 68.0
-570000 88.0
-560000 84.0
-550000 88.0
-540000 84.0
-530000 80.0
-520000 88.0
-510000 100.0
-500000 80.0
-490000 88.0
-480000 84.0
-470000 92.0
-460000 100.0
-450000 88.0
-440000 80.0
-430000 92.0
-420000 88.0
-410000 92.0
-400000 88.0
-390000 96.0
-380000 96.0
-370000 92.0
-360000 96.0
-350000 88.0
-340000 84.0
-330000 80.0
-320000 100.0
-310000 76.0
-300000 84.0
-290000 80.0
-280000 92.0
-270000 88.0
-260000 96.0
-250000 96.0
-240000 92.0
-230000 68.0
-220000 92.0
-210000 92.0
-200000 92.0
-190000 100.0
-180000 92.0
-170000 92.0
-160000 92.0
-150000 92.0
-140000 92.0
-130000 88.0
-120000 84.0
-110000 96.0
-100000 92.0
-90000 92.0
-80000 92.0
-70000 84.0
-60000 88.0
-50000 92.0
-40000 84.0
-30000 92.0
-20000 100.0
-10000 88.0
0 88.0
10000 84.0
20000 72.0
30000 88.0
40000 88.0
50000 96.0
60000 92.0
70000 80.0
80000 92.0
90000 88.0
100000 92.0
110000 88.0
120000 76.0
130000 72.0
140000 80.0
150000 88.0
160000 80.0
170000 84.0
180000 92.0
190000 96.0
200000 92.0
210000 80.0
220000 92.0
230000 76.0
240000 88.0
250000 72.0
260000 84.0
270000 88.0
280000 92.0
290000 80.0
300000 84.0
310000 92.0
320000 96.0
330000 72.0
340000 84.0
350000 84.0
360000 92.0
370000 88.0
380000 88.0
390000 92.0
400000 84.0
410000 84.0
420000 96.0
430000 92.0
440000 88.0
450000 92.0
460000 84.0
470000 88.0
480000 88.0
490000 92.0
500000 92.0
510000 84.0
520000 92.0
530000 88.0
540000 96.0
550000 92.0
560000 76.0
570000 92.0
580000 92.0
590000 84.0
600000 88.0
610000 84.0
620000 84.0
630000 80.0
640000 84.0
650000 92.0
660000 96.0
670000 84.0
680000 80.0
690000 88.0
700000 84.0
710000 84.0
720000 76.0
730000 72.0
740000 84.0
750000 80.0
760000 92.0
770000 80.0
780000 92.0
790000 64.0
800000 96.0
810000 76.0
820000 84.0
830000 88.0
840000 88.0
850000 88.0
860000 84.0
870000 80.0
880000 80.0
890000 92.0
900000 80.0
910000 96.0
920000 92.0
930000 92.0
940000 76.0
950000 100.0
960000 96.0
970000 80.0
980000 88.0
990000 92.0
1000000 84.0
