-990000 0.0
-980000 4.0
-970000 0.0
-960000 12.0
-950000 24.0
-940000 80.0
-930000 80.0
-920000 92.0
-910000 88.0
-900000 72.0
-890000 64.0
-880000 84.0
-870000 92.0
-860000 92.0
-850000 72.0
-840000 84.0
-830000 88.0
-820000 84.0
-810000 72.0
-800000 72.0
-790000 88.0
-780000 64.0
-770000 84.0
-760000 64.0
-750000 76.0
-740000 64.0
-730000 80.0
-720000 72.0
-710000 80.0
-700000 68.0
-690000 84.0
-680000 88.0
-670000 84.0
-660000 88.0
-650000 84.0
-640000 96.0
-630000 80.0
-620000 84.0
-610000 84.0
-600000 80.0
-590000 88.0
-580000 96.0
-570000 92.0
-560000 88.0
-550000 88.0
-540000 92.0
-530000 84.0
-520000 84.0
-510000 88.0
-500000 92.0
-490000 80.0
-480000 92.0
-470000 72.0
-460000 92.0
-450000 68.0
-440000 88.0
-430000 92.0
-420000 84.0
-410000 92.0
-400000 92.0
-390000 88.0
-380000 92.0
-370000 84.0
-360000 76.0
-350000 88.0
-340000 84.0
-330000 92.0
-320000 92.0
-310000 80.0
-300000 72.0
-290000 84.0
-280000 88.0
-270000 88.0
-260000 68.0
-250000 84.0
-240000 92.0
-230000 76.0
-220000 88.0
-210000 76.0
-200000 72.0
-190000 92.0
-180000 88.0
-170000 84.0
-160000 68.0
-150000 72.0
-140000 92.0
-130000 76.0
-120000 96.0
-110000 68.0
-100000 76.0
-90000 88.0
-80000 76.0
-70000 76.0
-60000 92.0
-50000 64.0
-40000 72.0
-30000 92.0
-20000 76.0
-10000 68.0
0 92.0
10000 92.0
20000 84.0
30000 72.0
40000 60.0
50000 48.0
60000 64.0
70000 72.0
80000 64.0
90000 84.0
100000 76.0
110000 88.0
120000 88.0
130000 88.0
140000 72.0
150000 88.0
160000 72.0
170000 88.0
180000 80.0
190000 88.0
200000 72.0
210000 84.0
220000 84.0
230000 84.0
240000 84.0
250000 72.0
260000 80.0
270000 88.0
280000 100.0
290000 72.0
300000 68.0
310000 72.0
320000 80.0
330000 80.0
340000 92.0
350000 96.0
360000 80.0
370000 76.0
380000 76.0
390000 64.0
400000 92.0
410000 88.0
420000 72.0
430000 76.0
440000 84.0
450000 84.0
460000 88.0
470000 84.0
480000 88.0
490000 92.0
500000 84.0
510000 96.0
520000 96.0
530000 84.0
540000 88.0
550000 80.0
560000 96.0
570000 84.0
580000 72.0
590000 68.0
600000 68.0
610000 92.0
620000 100.0
630000 88.0
640000 76.0
650000 68.0
660000 88.0
670000 92.0
680000 84.0
690000 88.0
700000 76.0
710000 92.0
720000 80.0
730000 76.0
740000 92.0
750000 80.0
760000 84.0
770000 80.0
780000 88.0
790000 88.0
800000 80.0
810000 80.0
820000 96.0
830000 96.0
840000 84.0
850000 84.0
860000 92.0
870000 80.0
880000 88.0
890000 88.0
900000 92.0
910000 88.0
920000 88.0
930000 80.0
940000 92.0
950000 76.0
960000 84.0
970000 96.0
980000 88.0
990000 100.0
1000000 88.0
