-990000 0.0
-980000 0.0
-970000 0.0
-960000 4.0
-950000 0.0
-940000 48.0
-930000 60.0
-920000 48.0
-910000 64.0
-900000 56.0
-890000 68.0
-880000 72.0
-870000 72.0
-860000 48.0
-850000 80.0
-840000 52.0
-830000 80.0
-820000 60.0
-810000 80.0
-800000 88.0
-790000 76.0
-780000 84.0
-770000 80.0
-760000 76.0
-750000 88.0
-740000 76.0
-730000 96.0
-720000 64.0
-710000 92.0
-700000 72.0
-690000 64.0
-680000 88.0
-670000 92.0
-660000 76.0
-650000 88.0
-640000 84.0
-630000 88.0
-620000 96.0
-610000 88.0
-600000 88.0
-590000 88.0
-580000 80.0
-570000 92.0
-560000 92.0
-550000 84.0
-540000 84.0
-530000 76.0
-520000 88.0
-510000 84.0
-500000 76.0
-490000 100.0
-480000 88.0
-470000 84.0
-460000 80.0
-450000 76.0
-440000 84.0
-430000 96.0
-420000 92.0
-410000 76.0
-400000 76.0
-390000 84.0
-380000 96.0
-370000 88.0
-360000 80.0
-350000 96.0
-340000 92.0
-330000 88.0
-320000 92.0
-310000 84.0
-300000 92.0
-290000 84.0
-280000 92.0
-270000 84.0
-260000 84.0
-250000 92.0
-240000 76.0
-230000 80.0
-220000 92.0
-210000 84.0
-200000 84.0
-190000 84.0
-180000 92.0
-170000 92.0
-160000 80.0
-150000 88.0
-140000 88.0
-130000 92.0
-120000 84.0
-110000 88.0
-100000 96.0
-90000 92.0
-80000 100.0
-70000 100.0
-60000 88.0
-50000 92.0
-40000 96.0
-30000 88.0
-20000 100.0
-10000 88.0
0 88.0
10000 84.0
20000 92.0
30000 32.0
40000 24.0
50000 84.0
60000 36.0
70000 80.0
80000 88.0
90000 64.0
100000 80.0
110000 84.0
120000 60.0
130000 88.0
140000 84.0
150000 84.0
160000 84.0
170000 92.0
180000 72.0
190000 80.0
200000 76.0
210000 60.0
220000 92.0
230000 84.0
240000 84.0
250000 92.0
260000 92.0
270000 96.0
280000 92.0
290000 88.0
300000 88.0
310000 84.0
320000 96.0
330000 84.0
340000 84.0
350000 84.0
360000 100.0
370000 92.0
380000 100.0
390000 88.0
400000 88.0
410000 92.0
420000 100.0
430000 84.0
440000 92.0
450000 96.0
460000 88.0
470000 72.0
480000 100.0
490000 92.0
500000 100.0
510000 72.0
520000 96.0
530000 96.0
540000 92.0
550000 92.0
560000 96.0
570000 96.0
580000 100.0
590000 84.0
600000 96.0
610000 88.0
620000 92.0
630000 88.0
640000 96.0
650000 88.0
660000 96.0
670000 96.0
680000 88.0
690000 96.0
700000 100.0
710000 100.0
720000 88.0
730000 92.0
740000 88.0
750000 92.0
760000 100.0
770000 96.0
780000 88.0
790000 92.0
800000 100.0
810000 96.0
820000 100.0
830000 92.0
840000 92.0
850000 88.0
860000 76.0
870000 96.0
880000 92.0
890000 80.0
900000 96.0
910000 96.0
920000 88.0
930000 96.0
940000 96.0
950000 92.0
960000 96.0
970000 92.0
980000 88.0
990000 96.0
1000000 96.0
