-990000 0.0
-980000 0.0
-970000 0.0
-960000 4.0
-950000 32.0
-940000 76.0
-930000 80.0
-920000 88.0
-910000 76.0
-900000 80.0
-890000 72.0
-880000 80.0
-870000 80.0
-860000 84.0
-850000 88.0
-840000 88.0
-830000 76.0
-820000 92.0
-810000 76.0
-800000 84.0
-790000 68.0
-780000 84.0
-770000 84.0
-760000 84.0
-750000 80.0
-740000 88.0
-730000 60.0
-720000 92.0
-710000 92.0
-700000 72.0
-690000 80.0
-680000 96.0
-670000 88.0
-660000 84.0
-650000 80.0
-640000 88.0
-630000 92.0
-620000 88.0
-610000 84.0
-600000 92.0
-590000 92.0
-580000 84.0
-570000 80.0
-560000 92.0
-550000 80.0
-540000 80.0
-530000 84.0
-520000 80.0
-510000 92.0
-500000 80.0
-490000 72.0
-480000 72.0
-470000 80.0
-460000 80.0
-450000 72.0
-440000 76.0
-430000 84.0
-420000 92.0
-410000 84.0
-400000 88.0
-390000 76.0
-380000 72.0
-370000 84.0
-360000 80.0
-350000 80.0
-340000 84.0
-330000 88.0
-320000 84.0
-310000 100.0
-300000 80.0
-290000 84.0
-280000 84.0
-270000 80.0
-260000 88.0
-250000 100.0
-240000 88.0
-230000 88.0
-220000 80.0
-210000 84.0
-200000 84.0
-190000 80.0
-180000 68.0
-170000 88.0
-160000 92.0
-150000 84.0
-140000 100.0
-130000 76.0
-120000 84.0
-110000 84.0
-100000 72.0
-90000 84.0
-80000 84.0
-70000 72.0
-60000 92.0
-50000 88.0
-40000 84.0
-30000 80.0
-20000 80.0
-10000 84.0
0 80.0
10000 84.0
20000 76.0
30000 60.0
40000 60.0
50000 60.0
60000 40.0
70000 60.0
80000 36.0
90000 92.0
100000 72.0
110000 72.0
120000 88.0
130000 84.0
140000 88.0
150000 84.0
160000 88.0
170000 72.0
180000 80.0
190000 88.0
200000 76.0
210000 68.0
220000 88.0
230000 80.0
240000 80.0
250000 84.0
260000 80.0
270000 76.0
280000 80.0
290000 84.0
300000 76.0
310000 88.0
320000 80.0
330000 76.0
340000 88.0
350000 68.0
360000 84.0
370000 76.0
380000 92.0
390000 92.0
400000 92.0
410000 92.0
420000 88.0
430000 84.0
440000 64.0
450000 72.0
460000 88.0
470000 88.0
480000 92.0
490000 84.0
500000 80.0
510000 76.0
520000 76.0
530000 84.0
540000 80.0
550000 84.0
560000 88.0
570000 72.0
580000 84.0
590000 80.0
600000 76.0
610000 96.0
620000 92.0
630000 84.0
640000 72.0
650000 84.0
660000 88.0
670000 100.0
680000 92.0
690000 76.0
700000 80.0
710000 96.0
720000 84.0
730000 72.0
740000 80.0
750000 92.0
760000 84.0
770000 92.0
780000 92.0
790000 84.0
800000 72.0
810000 92.0
820000 92.0
830000 88.0
840000 76.0
850000 84.0
860000 84.0
870000 96.0
880000 84.0
890000 84.0
900000 80.0
910000 80.0
920000 76.0
930000 88.0
940000 88.0
950000 88.0
960000 80.0
970000 88.0
980000 88.0
990000 80.0
1000000 88.0
