-990000 0.0
-980000 12.0
-970000 52.0
-960000 64.0
-950000 52.0
-940000 56.0
-930000 60.0
-920000 68.0
-910000 60.0
-900000 64.0
-890000 72.0
-880000 56.0
-870000 68.0
-860000 80.0
-850000 76.0
-840000 64.0
-830000 52.0
-820000 52.0
-810000 44.0
-800000 48.0
-790000 68.0
-780000 56.0
-770000 60.0
-760000 72.0
-750000 68.0
-740000 56.0
-730000 60.0
-720000 56.0
-710000 68.0
-700000 64.0
-690000 48.0
-680000 72.0
-670000 52.0
-660000 48.0
-650000 60.0
-640000 60.0
-630000 68.0
-620000 48.0
-610000 52.0
-600000 56.0
-590000 56.0
-580000 64.0
-570000 60.0
-560000 60.0
-550000 68.0
-540000 52.0
-530000 52.0
-520000 56.0
-510000 52.0
-500000 64.0
-490000 40.0
-480000 56.0
-470000 64.0
-460000 68.0
-450000 64.0
-440000 80.0
-430000 56.0
-420000 48.0
-410000 64.0
-400000 60.0
-390000 56.0
-380000 60.0
-370000 72.0
-360000 68.0
-350000 68.0
-340000 72.0
-330000 64.0
-320000 80.0
-310000 68.0
-300000 56.0
-290000 64.0
-280000 60.0
-270000 60.0
-260000 68.0
-250000 52.0
-240000 72.0
-230000 88.0
-220000 60.0
-210000 68.0
-200000 64.0
-190000 68.0
-180000 48.0
-170000 60.0
-160000 56.0
-150000 56.0
-140000 48.0
-130000 52.0
-120000 60.0
-110000 44.0
-100000 40.0
-90000 56.0
-80000 52.0
-70000 56.0
-60000 64.0
-50000 44.0
-40000 68.0
-30000 60.0
-20000 60.0
-10000 44.0
0 60.0
10000 80.0
20000 52.0
30000 52.0
40000 56.0
50000 48.0
60000 80.0
70000 84.0
80000 68.0
90000 52.0
100000 40.0
110000 56.0
120000 72.0
130000 64.0
140000 48.0
150000 52.0
160000 60.0
170000 48.0
180000 60.0
190000 52.0
200000 48.0
210000 56.0
220000 52.0
230000 60.0
240000 32.0
250000 48.0
260000 60.0
270000 48.0
280000 56.0
290000 36.0
300000 76.0
310000 56.0
320000 48.0
330000 64.0
340000 56.0
350000 32.0
360000 52.0
370000 52.0
380000 32.0
390000 40.0
400000 68.0
410000 24.0
420000 48.0
430000 60.0
440000 52.0
450000 60.0
460000 52.0
470000 52.0
480000 40.0
490000 48.0
500000 48.0
510000 48.0
520000 28.0
530000 36.0
540000 56.0
550000 28.0
560000 72.0
570000 36.0
580000 68.0
590000 60.0
600000 64.0
610000 60.0
620000 48.0
630000 64.0
640000 68.0
650000 72.0
660000 60.0
670000 72.0
680000 76.0
690000 60.0
700000 44.0
710000 56.0
720000 76.0
730000 60.0
740000 48.0
750000 52.0
760000 56.0
770000 36.0
780000 60.0
790000 68.0
800000 76.0
810000 56.0
820000 52.0
830000 72.0
840000 56.0
850000 72.0
860000 52.0
870000 52.0
880000 48.0
890000 52.0
900000 56.0
910000 76.0
920000 56.0
930000 56.0
940000 64.0
950000 76.0
960000 48.0
970000 40.0
980000 84.0
990000 72.0
1000000 40.0
