-990000 0.0
-980000 20.0
-970000 48.0
-960000 40.0
-950000 68.0
-940000 68.0
-930000 44.0
-920000 56.0
-910000 64.0
-900000 64.0
-890000 60.0
-880000 48.0
-870000 72.0
-860000 76.0
-850000 64.0
-840000 68.0
-830000 64.0
-820000 68.0
-810000 64.0
-800000 56.0
-790000 60.0
-780000 68.0
-770000 68.0
-760000 76.0
-750000 72.0
-740000 48.0
-730000 68.0
-720000 68.0
-710000 80.0
-700000 56.0
-690000 60.0
-680000 72.0
-670000 52.0
-660000 68.0
-650000 44.0
-640000 60.0
-630000 60.0
-620000 60.0
-610000 44.0
-600000 48.0
-590000 56.0
-580000 48.0
-570000 64.0
-560000 52.0
-550000 48.0
-540000 56.0
-530000 52.0
-520000 60.0
-510000 60.0
-500000 48.0
-490000 68.0
-480000 64.0
-470000 52.0
-460000 72.0
-450000 60.0
-440000 52.0
-430000 48.0
-420000 60.0
-410000 60.0
-400000 64.0
-390000 72.0
-380000 72.0
-370000 68.0
-360000 72.0
-350000 80.0
-340000 68.0
-330000 64.0
-320000 68.0
-310000 80.0
-300000 68.0
-290000 68.0
-280000 64.0
-270000 64.0
-260000 72.0
-250000 52.0
-240000 72.0
-230000 68.0
-220000 68.0
-210000 72.0
-200000 60.0
-190000 52.0
-180000 64.0
-170000 60.0
-160000 64.0
-150000 56.0
-140000 44.0
-130000 68.0
-120000 68.0
-110000 56.0
-100000 68.0
-90000 44.0
-80000 68.0
-70000 68.0
-60000 60.0
-50000 68.0
-40000 56.0
-30000 60.0
-20000 52.0
-10000 40.0
0 56.0
10000 68.0
20000 56.0
30000 48.0
40000 68.0
50000 60.0
60000 76.0
70000 72.0
80000 72.0
90000 68.0
100000 68.0
110000 68.0
120000 68.0
130000 52.0
140000 64.0
150000 76.0
160000 60.0
170000 68.0
180000 76.0
190000 72.0
200000 68.0
210000 64.0
220000 80.0
230000 40.0
240000 76.0
250000 76.0
260000 80.0
270000 72.0
280000 48.0
290000 52.0
300000 56.0
310000 84.0
320000 68.0
330000 60.0
340000 68.0
350000 64.0
360000 76.0
370000 64.0
380000 68.0
390000 56.0
400000 72.0
410000 60.0
420000 68.0
430000 64.0
440000 76.0
450000 60.0
460000 68.0
470000 72.0
480000 72.0
490000 64.0
500000 88.0
510000 28.0
520000 44.0
530000 36.0
540000 40.0
550000 52.0
560000 24.0
570000 64.0
580000 36.0
590000 56.0
600000 64.0
610000 60.0
620000 56.0
630000 48.0
640000 72.0
650000 56.0
660000 60.0
670000 72.0
680000 76.0
690000 84.0
700000 64.0
710000 64.0
720000 84.0
730000 80.0
740000 88.0
750000 88.0
760000 72.0
770000 84.0
780000 56.0
790000 72.0
800000 80.0
810000 72.0
820000 76.0
830000 72.0
840000 60.0
850000 72.0
860000 56.0
870000 68.0
880000 52.0
890000 72.0
900000 44.0
910000 64.0
920000 56.0
930000 76.0
940000 68.0
950000 68.0
960000 56.0
970000 60.0
980000 76.0
990000 56.0
1000000 68.0
