-990000 0.0
-980000 16.0
-970000 44.0
-960000 32.0
-950000 36.0
-940000 60.0
-930000 68.0
-920000 72.0
-910000 48.0
-900000 52.0
-890000 76.0
-880000 60.0
-870000 76.0
-860000 84.0
-850000 64.0
-840000 60.0
-830000 64.0
-820000 76.0
-810000 64.0
-800000 60.0
-790000 36.0
-780000 60.0
-770000 52.0
-760000 56.0
-750000 72.0
-740000 52.0
-730000 56.0
-720000 52.0
-710000 64.0
-700000 36.0
-690000 64.0
-680000 52.0
-670000 40.0
-660000 56.0
-650000 68.0
-640000 68.0
-630000 56.0
-620000 48.0
-610000 68.0
-600000 60.0
-590000 80.0
-580000 48.0
-570000 60.0
-560000 72.0
-550000 56.0
-540000 72.0
-530000 40.0
-520000 88.0
-510000 60.0
-500000 44.0
-490000 64.0
-480000 84.0
-470000 56.0
-460000 60.0
-450000 56.0
-440000 68.0
-430000 52.0
-420000 72.0
-410000 60.0
-400000 56.0
-390000 72.0
-380000 60.0
-370000 68.0
-360000 76.0
-350000 48.0
-340000 72.0
-330000 48.0
-320000 68.0
-310000 56.0
-300000 64.0
-290000 72.0
-280000 56.0
-270000 64.0
-260000 56.0
-250000 72.0
-240000 48.0
-230000 72.0
-220000 60.0
-210000 68.0
-200000 68.0
-190000 52.0
-180000 72.0
-170000 56.0
-160000 60.0
-150000 56.0
-140000 72.0
-130000 52.0
-120000 48.0
-110000 48.0
-100000 80.0
-90000 56.0
-80000 68.0
-70000 80.0
-60000 48.0
-50000 60.0
-40000 40.0
-30000 56.0
-20000 52.0
-10000 40.0
0 56.0
10000 44.0
20000 64.0
30000 68.0
40000 68.0
50000 88.0
60000 76.0
70000 80.0
80000 64.0
90000 68.0
100000 60.0
110000 56.0
120000 68.0
130000 68.0
140000 56.0
150000 68.0
160000 64.0
170000 60.0
180000 76.0
190000 76.0
200000 72.0
210000 76.0
220000 12.0
230000 40.0
240000 68.0
250000 68.0
260000 60.0
270000 52.0
280000 56.0
290000 56.0
300000 60.0
310000 68.0
320000 52.0
330000 64.0
340000 44.0
350000 20.0
360000 40.0
370000 68.0
380000 60.0
390000 40.0
400000 32.0
410000 52.0
420000 52.0
430000 64.0
440000 48.0
450000 64.0
460000 56.0
470000 80.0
480000 64.0
490000 36.0
500000 52.0
510000 76.0
520000 68.0
530000 92.0
540000 72.0
550000 76.0
560000 64.0
570000 52.0
580000 60.0
590000 68.0
600000 60.0
610000 60.0
620000 64.0
630000 56.0
640000 48.0
650000 48.0
660000 52.0
670000 32.0
680000 68.0
690000 56.0
700000 52.0
710000 56.0
720000 52.0
730000 76.0
740000 48.0
750000 68.0
760000 56.0
770000 48.0
780000 60.0
790000 56.0
800000 60.0
810000 68.0
820000 60.0
830000 60.0
840000 56.0
850000 56.0
860000 60.0
870000 60.0
880000 48.0
890000 60.0
900000 48.0
910000 56.0
920000 44.0
930000 56.0
940000 56.0
950000 40.0
960000 60.0
970000 64.0
980000 44.0
990000 68.0
1000000 52.0
